   2.7750000e+01   3.2250000e+01
   2.7750000e+01   3.2250000e+01
   2.7750000e+01   3.2250000e+01
   2.7750000e+01   3.2250000e+01
   2.7750000e+01   3.2250000e+01
   2.7750000e+01   3.2250000e+01
   2.7750000e+01   3.2250000e+01
   2.7750000e+01   3.2250000e+01
   2.7750000e+01   3.2250000e+01
   2.7750000e+01   3.2250000e+01
   2.7750000e+01   3.2250000e+01
   2.7750000e+01   3.2250000e+01
   2.7750000e+01   3.2250000e+01
   2.7750000e+01   3.2250000e+01
   2.7750000e+01   3.2250000e+01
   2.7750000e+01   3.2250000e+01
   2.7750000e+01   3.2250000e+01
   2.7750000e+01   3.2250000e+01
   2.7750000e+01   3.2250000e+01
   2.7750000e+01   3.2250000e+01
   2.7750000e+01   3.2250000e+01
   2.7750000e+01   3.2250000e+01
   2.7750000e+01   3.2250000e+01
   2.7750000e+01   3.2250000e+01
   3.2250000e+01   2.7750000e+01
   3.2250000e+01   2.7750000e+01
   3.2250000e+01   2.7750000e+01
   3.2250000e+01   2.7750000e+01
   3.2250000e+01   2.7750000e+01
   3.2250000e+01   2.7750000e+01
   3.2250000e+01   2.7750000e+01
   3.2250000e+01   2.7750000e+01
   3.2250000e+01   2.7750000e+01
   3.2250000e+01   2.7750000e+01
   3.2250000e+01   2.7750000e+01
   3.2250000e+01   2.7750000e+01
   3.2250000e+01   2.7750000e+01
   3.2250000e+01   2.7750000e+01
   3.2250000e+01   2.7750000e+01
   3.2250000e+01   2.7750000e+01
   3.2250000e+01   2.7750000e+01
   3.2250000e+01   2.7750000e+01
   3.2250000e+01   2.7750000e+01
   3.2250000e+01   2.7750000e+01
   3.2250000e+01   2.7750000e+01
   3.2250000e+01   2.7750000e+01
   3.2250000e+01   2.7750000e+01
   3.2250000e+01   2.7750000e+01
   3.1798896e+01   2.8201104e+01
   3.0814334e+01   2.9185666e+01
   2.9985072e+01   3.0014928e+01
   2.9309369e+01   3.0690631e+01
   2.8784147e+01   3.1215853e+01
   2.8408013e+01   3.1591987e+01
   2.8178535e+01   3.1821465e+01
   2.8088052e+01   3.1911948e+01
   2.8121294e+01   3.1878706e+01
   2.8255905e+01   3.1744095e+01
   2.8465117e+01   3.1534883e+01
   2.8721163e+01   3.1278837e+01
   2.8975109e+01   3.1024891e+01
   2.8997448e+01   3.1002552e+01
   2.9075614e+01   3.0924386e+01
   2.9192050e+01   3.0807950e+01
   2.9330869e+01   3.0669131e+01
   2.9474563e+01   3.0525437e+01
   2.9622550e+01   3.0377450e+01
   2.9760428e+01   3.0239572e+01
   2.9882029e+01   3.0117971e+01
   2.9983575e+01   3.0016425e+01
   3.0063366e+01   2.9936634e+01
   3.0121406e+01   2.9878594e+01
   3.0159020e+01   2.9840980e+01
   3.0178482e+01   2.9821518e+01
   3.0182665e+01   2.9817335e+01
   3.0174733e+01   2.9825267e+01
   3.0157888e+01   2.9842112e+01
   3.0135159e+01   2.9864841e+01
   3.0109256e+01   2.9890744e+01
   3.0082480e+01   2.9917520e+01
   3.0056664e+01   2.9943336e+01
   3.0033175e+01   2.9966825e+01
   3.0012927e+01   2.9987073e+01
   2.9996434e+01   3.0003566e+01
   2.9983861e+01   3.0016139e+01
   2.9975098e+01   3.0024902e+01
   2.9969827e+01   3.0030173e+01
   2.9967587e+01   3.0032413e+01
   2.9967833e+01   3.0032167e+01
   2.9969994e+01   3.0030006e+01
   2.9973507e+01   3.0026493e+01
   2.9977853e+01   3.0022147e+01
   2.9982580e+01   3.0017420e+01
   2.9987312e+01   3.0012688e+01
   2.9991758e+01   3.0008242e+01
   2.9995711e+01   3.0004289e+01
   2.9999039e+01   3.0000961e+01
   3.0001679e+01   2.9998321e+01
   3.0003623e+01   2.9996377e+01
   3.0004910e+01   2.9995090e+01
   3.0005606e+01   2.9994394e+01
   2.9930234e+01   3.0069766e+01
   2.8187407e+01   3.1812593e+01
   2.7750000e+01   3.2250000e+01
   2.7750000e+01   3.2250000e+01
   2.7750000e+01   3.2250000e+01
   2.7750000e+01   3.2250000e+01
   2.7750000e+01   3.2250000e+01
   2.7750000e+01   3.2250000e+01
   2.7750000e+01   3.2250000e+01
   2.7750000e+01   3.2250000e+01
   2.7750000e+01   3.2250000e+01
   2.7750000e+01   3.2250000e+01
   2.7750000e+01   3.2250000e+01
   2.7750000e+01   3.2250000e+01
   2.7750000e+01   3.2250000e+01
   2.7750000e+01   3.2250000e+01
   2.7750000e+01   3.2250000e+01
   2.7750000e+01   3.2250000e+01
   2.7750000e+01   3.2250000e+01
   2.7750000e+01   3.2250000e+01
   2.7750000e+01   3.2250000e+01
   2.8724834e+01   3.1275166e+01
   2.9646446e+01   3.0353554e+01
   3.0411696e+01   2.9588304e+01
   3.1025681e+01   2.8974319e+01
   3.1490626e+01   2.8509374e+01
   3.1806517e+01   2.8193483e+01
   3.1975882e+01   2.8024118e+01
   3.2008285e+01   2.7991715e+01
   3.1921868e+01   2.8078132e+01
   3.1741722e+01   2.8258278e+01
   3.1496446e+01   2.8503554e+01
   3.1214470e+01   2.8785530e+01
   3.0921178e+01   2.9078822e+01
   3.0637230e+01   2.9362770e+01
   3.0377991e+01   2.9622009e+01
   3.0153723e+01   2.9846277e+01
   2.9970186e+01   3.0029814e+01
   2.9829386e+01   3.0170614e+01
   2.9730335e+01   3.0269665e+01
   2.9669772e+01   3.0330228e+01
   2.9642841e+01   3.0357159e+01
   2.9643717e+01   3.0356283e+01
   2.9666160e+01   3.0333840e+01
   2.9703987e+01   3.0296013e+01
   2.9751443e+01   3.0248557e+01
   2.9803465e+01   3.0196535e+01
   2.9855843e+01   3.0144157e+01
   2.9905288e+01   3.0094712e+01
   2.9949433e+01   3.0050567e+01
   2.9986764e+01   3.0013236e+01
   3.0016526e+01   2.9983474e+01
   3.0038597e+01   2.9961403e+01
   3.0053352e+01   2.9946648e+01
   3.0061529e+01   2.9938471e+01
   3.0064105e+01   2.9935895e+01
   3.0062178e+01   2.9937822e+01
   3.0056877e+01   2.9943123e+01
   3.0049283e+01   2.9950717e+01
   3.0040377e+01   2.9959623e+01
   3.0030999e+01   2.9969001e+01
   3.0021827e+01   2.9978173e+01
   3.0233260e+01   2.9766740e+01
   3.0387548e+01   2.9612452e+01
   3.0483545e+01   2.9516455e+01
   3.0528358e+01   2.9471642e+01
   3.0530764e+01   2.9469236e+01
   3.0500019e+01   2.9499981e+01
   3.0445624e+01   2.9554376e+01
   3.0376168e+01   2.9623832e+01
   3.0299268e+01   2.9700732e+01
   3.0221306e+01   2.9778694e+01
   3.0147294e+01   2.9852706e+01
   3.0080879e+01   2.9919121e+01
   3.0024420e+01   2.9975580e+01
   2.9979135e+01   3.0020865e+01
   2.9945288e+01   3.0054712e+01
   2.9922384e+01   3.0077616e+01
   2.9909369e+01   3.0090631e+01
   2.9904822e+01   3.0095178e+01
   2.9907121e+01   3.0092879e+01
   2.9914590e+01   3.0085410e+01
   2.9925611e+01   3.0074389e+01
   2.9938713e+01   3.0061287e+01
   2.9952625e+01   3.0047375e+01
   2.9966315e+01   3.0033685e+01
   2.9978994e+01   3.0021006e+01
   2.9990113e+01   3.0009887e+01
   2.9999341e+01   3.0000659e+01
   3.0006538e+01   2.9993462e+01
   3.0011719e+01   2.9988281e+01
   3.0015019e+01   2.9984981e+01
   3.0016659e+01   2.9983341e+01
   3.0016911e+01   2.9983089e+01
   3.0016071e+01   2.9983929e+01
   3.0014436e+01   2.9985564e+01
   3.0012284e+01   2.9987716e+01
   3.0009863e+01   2.9990137e+01
   3.0007381e+01   2.9992619e+01
   3.0005005e+01   2.9994995e+01
   3.0002856e+01   2.9997144e+01
   3.0001014e+01   2.9998986e+01
   2.9999524e+01   3.0000476e+01
   2.9998397e+01   3.0001603e+01
   2.9997622e+01   3.0002378e+01
   2.9997166e+01   3.0002834e+01
   2.9996986e+01   3.0003014e+01
   2.9997031e+01   3.0002969e+01
   2.9997248e+01   3.0002752e+01
   2.9997584e+01   3.0002416e+01
   2.9997993e+01   3.0002007e+01
   2.9998433e+01   3.0001567e+01
   2.9998870e+01   3.0001130e+01
   2.9999278e+01   3.0000722e+01
   3.0070664e+01   2.9929336e+01
   3.0251796e+01   2.9748204e+01
   3.0377017e+01   2.9622983e+01
   3.0451069e+01   2.9548931e+01
   3.0480849e+01   2.9519151e+01
   3.0474483e+01   2.9525517e+01
   3.0440435e+01   2.9559565e+01
   3.0387097e+01   2.9612903e+01
   3.0322036e+01   2.9677964e+01
   3.0251861e+01   2.9748139e+01
   3.0182016e+01   2.9817984e+01
   3.0116707e+01   2.9883293e+01
   3.0058913e+01   2.9941087e+01
   3.0010484e+01   2.9989516e+01
   2.9972281e+01   3.0027719e+01
   2.9944348e+01   3.0055652e+01
   2.9926088e+01   3.0073912e+01
   2.9916450e+01   3.0083550e+01
   2.9914089e+01   3.0085911e+01
   2.9917517e+01   3.0082483e+01
   2.9925225e+01   3.0074775e+01
   2.9935781e+01   3.0064219e+01
   2.9947899e+01   3.0052101e+01
   2.9960486e+01   3.0039514e+01
   2.9972667e+01   3.0027333e+01
   2.9983787e+01   3.0016213e+01
   2.9993403e+01   3.0006597e+01
   3.0001264e+01   2.9998736e+01
   3.0007283e+01   2.9992717e+01
   3.0011505e+01   2.9988495e+01
   3.0014075e+01   2.9985925e+01
   3.0015207e+01   2.9984793e+01
   3.0015153e+01   2.9984847e+01
   3.0014183e+01   2.9985817e+01
   3.0012563e+01   2.9987437e+01
   3.0010538e+01   2.9989462e+01
   3.0008322e+01   2.9991678e+01
   3.0006094e+01   2.9993906e+01
   3.0003993e+01   2.9996007e+01
   3.0002119e+01   2.9997881e+01
   3.0102589e+01   2.9897411e+01
   3.0416978e+01   2.9583022e+01
   3.0636150e+01   2.9363850e+01
   3.0767317e+01   2.9232683e+01
   3.0821906e+01   2.9178094e+01
   3.0813833e+01   2.9186167e+01
   3.0757411e+01   2.9242589e+01
   3.0667455e+01   2.9332545e+01
   3.0556847e+01   2.9443153e+01
   3.0436957e+01   2.9563043e+01
   3.0317217e+01   2.9682783e+01
   3.0204933e+01   2.9795067e+01
   3.0105306e+01   2.9894694e+01
   3.0021587e+01   2.9978413e+01
   2.9955322e+01   3.0044678e+01
   2.9906648e+01   3.0093352e+01
   2.9874596e+01   3.0125404e+01
   2.9857402e+01   3.0142598e+01
   2.9852790e+01   3.0147210e+01
   2.9858220e+01   3.0141780e+01
   2.9871110e+01   3.0128890e+01
   2.9888997e+01   3.0111003e+01
   2.9909665e+01   3.0090335e+01
   2.9931223e+01   3.0068777e+01
   2.9952153e+01   3.0047847e+01
   2.9971314e+01   3.0028686e+01
   2.9987930e+01   3.0012070e+01
   3.0001554e+01   2.9998446e+01
   3.0012026e+01   2.9987974e+01
   3.0019410e+01   2.9980590e+01
   3.0023948e+01   2.9976052e+01
   3.0026001e+01   2.9973999e+01
   3.0026002e+01   2.9973998e+01
   3.0024410e+01   2.9975590e+01
   3.0021682e+01   2.9978318e+01
   3.0018238e+01   2.9981762e+01
   3.0014451e+01   2.9985549e+01
   3.0010629e+01   2.9989371e+01
   3.0007015e+01   2.9992985e+01
   3.0003782e+01   2.9996218e+01
   3.0001044e+01   2.9998956e+01
   2.9998856e+01   3.0001144e+01
   2.9997229e+01   3.0002771e+01
   2.9996138e+01   3.0003862e+01
   2.9995528e+01   3.0004472e+01
   2.9995328e+01   3.0004672e+01
   2.9995460e+01   3.0004540e+01
   2.9995840e+01   3.0004160e+01
   2.9996389e+01   3.0003611e+01
   2.9951628e+01   3.0048372e+01
   2.9477175e+01   3.0522825e+01
   2.7750000e+01   3.2250000e+01
   2.7750000e+01   3.2250000e+01
   2.7750000e+01   3.2250000e+01
   2.7750000e+01   3.2250000e+01
   2.7750000e+01   3.2250000e+01
   2.7750000e+01   3.2250000e+01
   2.7750000e+01   3.2250000e+01
   2.7750000e+01   3.2250000e+01
   2.7750000e+01   3.2250000e+01
   2.7750000e+01   3.2250000e+01
   2.7750000e+01   3.2250000e+01
   2.7750000e+01   3.2250000e+01
   2.7750000e+01   3.2250000e+01
   2.7750000e+01   3.2250000e+01
   2.7750000e+01   3.2250000e+01
   2.7750000e+01   3.2250000e+01
   2.7750000e+01   3.2250000e+01
   2.7750000e+01   3.2250000e+01
   2.7750000e+01   3.2250000e+01
   2.7750000e+01   3.2250000e+01
   2.7750000e+01   3.2250000e+01
   2.7750000e+01   3.2250000e+01
   2.7750000e+01   3.2250000e+01
   2.7750000e+01   3.2250000e+01
   2.7750000e+01   3.2250000e+01
   2.7750000e+01   3.2250000e+01
   2.7750000e+01   3.2250000e+01
   2.7750000e+01   3.2250000e+01
   2.7750000e+01   3.2250000e+01
   2.7750000e+01   3.2250000e+01
   2.7750000e+01   3.2250000e+01
   2.7750000e+01   3.2250000e+01
   2.7750000e+01   3.2250000e+01
   2.7750000e+01   3.2250000e+01
   2.7750000e+01   3.2250000e+01
   2.7750000e+01   3.2250000e+01
   2.7750000e+01   3.2250000e+01
   2.7750000e+01   3.2250000e+01
   2.7750000e+01   3.2250000e+01
   2.7750000e+01   3.2250000e+01
   2.7750000e+01   3.2250000e+01
   2.7750000e+01   3.2250000e+01
   2.7750000e+01   3.2250000e+01
   2.7750000e+01   3.2250000e+01
   2.7750000e+01   3.2250000e+01
   2.7750000e+01   3.2250000e+01
   2.7750000e+01   3.2250000e+01
   2.7750000e+01   3.2250000e+01
   2.7750000e+01   3.2250000e+01
   2.7750000e+01   3.2250000e+01
   2.7750000e+01   3.2250000e+01
   2.7750000e+01   3.2250000e+01
   2.7750000e+01   3.2250000e+01
   2.7750000e+01   3.2250000e+01
   2.7750000e+01   3.2250000e+01
   2.7750000e+01   3.2250000e+01
   2.7750000e+01   3.2250000e+01
   2.7750000e+01   3.2250000e+01
   2.7750000e+01   3.2250000e+01
   2.7750000e+01   3.2250000e+01
   2.7750000e+01   3.2250000e+01
   2.7750000e+01   3.2250000e+01
   2.7936280e+01   3.2063720e+01
   2.8345912e+01   3.1654088e+01
   2.8665339e+01   3.1334661e+01
   2.8912997e+01   3.1087003e+01
   2.9103932e+01   3.0896068e+01
   2.9249881e+01   3.0750119e+01
   2.9359594e+01   3.0640406e+01
   2.9439065e+01   3.0560935e+01
   2.9491393e+01   3.0508607e+01
   2.9515683e+01   3.0484317e+01
   2.9503011e+01   3.0496989e+01
   2.9420116e+01   3.0579884e+01
   2.9108555e+01   3.0891445e+01
   2.7750000e+01   3.2250000e+01
   2.8082295e+01   3.1917705e+01
   2.8599704e+01   3.1400296e+01
   2.8702440e+01   3.1297560e+01
   2.8676217e+01   3.1323783e+01
   2.8577363e+01   3.1422637e+01
   2.8420810e+01   3.1579190e+01
   2.8208345e+01   3.1791655e+01
   2.7935852e+01   3.2064148e+01
   2.7750000e+01   3.2250000e+01
   2.7750000e+01   3.2250000e+01
   2.7750000e+01   3.2250000e+01
   2.7750000e+01   3.2250000e+01
   2.7750000e+01   3.2250000e+01
   2.7750000e+01   3.2250000e+01
   2.7750000e+01   3.2250000e+01
   2.7750000e+01   3.2250000e+01
   2.7750000e+01   3.2250000e+01
   2.7750000e+01   3.2250000e+01
   2.7750000e+01   3.2250000e+01
   2.7750000e+01   3.2250000e+01
   2.7750000e+01   3.2250000e+01
   2.7750000e+01   3.2250000e+01
   2.7750000e+01   3.2250000e+01
   2.7750000e+01   3.2250000e+01
   2.7750000e+01   3.2250000e+01
   2.7750000e+01   3.2250000e+01
   2.7750000e+01   3.2250000e+01
   2.7750000e+01   3.2250000e+01
   2.7750000e+01   3.2250000e+01
   2.7750000e+01   3.2250000e+01
   2.7750000e+01   3.2250000e+01
   2.7750000e+01   3.2250000e+01
   2.7750000e+01   3.2250000e+01
   2.7750000e+01   3.2250000e+01
   2.7750000e+01   3.2250000e+01
   2.7750000e+01   3.2250000e+01
   2.7750000e+01   3.2250000e+01
   2.7750000e+01   3.2250000e+01
   2.7750000e+01   3.2250000e+01
   2.7750000e+01   3.2250000e+01
   2.7750000e+01   3.2250000e+01
   2.7750000e+01   3.2250000e+01
   2.7750000e+01   3.2250000e+01
   2.7750000e+01   3.2250000e+01
   2.7750000e+01   3.2250000e+01
   2.7750000e+01   3.2250000e+01
   2.7750000e+01   3.2250000e+01
   2.7750000e+01   3.2250000e+01
   2.7750000e+01   3.2250000e+01
   2.7750000e+01   3.2250000e+01
   2.7750000e+01   3.2250000e+01
   2.7750000e+01   3.2250000e+01
   2.7750000e+01   3.2250000e+01
   2.7750000e+01   3.2250000e+01
   2.7750000e+01   3.2250000e+01
   2.7750000e+01   3.2250000e+01
   2.7750000e+01   3.2250000e+01
   2.7750000e+01   3.2250000e+01
   2.7750000e+01   3.2250000e+01
   2.7750000e+01   3.2250000e+01
   2.7750000e+01   3.2250000e+01
   2.7750000e+01   3.2250000e+01
   2.7750000e+01   3.2250000e+01
   2.7750000e+01   3.2250000e+01
   2.7750000e+01   3.2250000e+01
   2.7750000e+01   3.2250000e+01
   2.7750000e+01   3.2250000e+01
   2.7750000e+01   3.2250000e+01
   2.7750000e+01   3.2250000e+01
   2.7750000e+01   3.2250000e+01
   2.7750000e+01   3.2250000e+01
   2.7750000e+01   3.2250000e+01
   2.7750000e+01   3.2250000e+01
   2.7750000e+01   3.2250000e+01
   2.7990469e+01   3.2009531e+01
   2.8314421e+01   3.1685579e+01
   2.8561318e+01   3.1438682e+01
   2.8742794e+01   3.1257206e+01
   2.8865472e+01   3.1134528e+01
   2.8928496e+01   3.1071504e+01
   2.8916182e+01   3.1083818e+01
   2.8770778e+01   3.1229222e+01
   2.8246536e+01   3.1753464e+01
   2.7750000e+01   3.2250000e+01
   2.7750000e+01   3.2250000e+01
   2.7750000e+01   3.2250000e+01
   2.7962990e+01   3.2037010e+01
   2.7949932e+01   3.2050068e+01
   2.7817937e+01   3.2182063e+01
   2.7750000e+01   3.2250000e+01
   2.7750000e+01   3.2250000e+01
   2.7750000e+01   3.2250000e+01
   2.7750000e+01   3.2250000e+01
   2.7750000e+01   3.2250000e+01
   2.7750000e+01   3.2250000e+01
   2.7750000e+01   3.2250000e+01
   2.7750000e+01   3.2250000e+01
   2.7750000e+01   3.2250000e+01
   2.7750000e+01   3.2250000e+01
   2.7750000e+01   3.2250000e+01
   2.7750000e+01   3.2250000e+01
   2.7750000e+01   3.2250000e+01
   2.7750000e+01   3.2250000e+01
   2.7750000e+01   3.2250000e+01
   2.7750000e+01   3.2250000e+01
   2.7750000e+01   3.2250000e+01
   2.7750000e+01   3.2250000e+01
   2.7750000e+01   3.2250000e+01
   2.7750000e+01   3.2250000e+01
   2.7750000e+01   3.2250000e+01
   2.7750000e+01   3.2250000e+01
   2.7750000e+01   3.2250000e+01
   2.7750000e+01   3.2250000e+01
   2.7750000e+01   3.2250000e+01
   2.7750000e+01   3.2250000e+01
   2.7750000e+01   3.2250000e+01
   2.7750000e+01   3.2250000e+01
   2.7750000e+01   3.2250000e+01
   3.1421526e+01   2.8578474e+01
   3.1321171e+01   2.8678829e+01
   3.1163336e+01   2.8836664e+01
   3.0969793e+01   2.9030207e+01
   3.0760221e+01   2.9239779e+01
   3.0551087e+01   2.9448913e+01
   3.0355148e+01   2.9644852e+01
   3.0181436e+01   2.9818564e+01
   3.0035558e+01   2.9964442e+01
   2.9920155e+01   3.0079845e+01
   2.9835433e+01   3.0164567e+01
   2.9779701e+01   3.0220299e+01
   2.9749888e+01   3.0250112e+01
   2.9742029e+01   3.0257971e+01
   2.9751702e+01   3.0248298e+01
   2.9774395e+01   3.0225605e+01
   2.9805804e+01   3.0194196e+01
   2.9842051e+01   3.0157949e+01
   2.9879832e+01   3.0120168e+01
   2.9916489e+01   3.0083511e+01
   2.9950030e+01   3.0049970e+01
   2.9979101e+01   3.0020899e+01
   3.0002926e+01   2.9997074e+01
   3.0021223e+01   2.9978777e+01
   3.0034115e+01   2.9965885e+01
   3.0042024e+01   2.9957976e+01
   3.0045585e+01   2.9954415e+01
   2.9103778e+01   3.0896222e+01
   2.7750000e+01   3.2250000e+01
   2.7750000e+01   3.2250000e+01
   2.7750000e+01   3.2250000e+01
   2.7750000e+01   3.2250000e+01
   2.7750000e+01   3.2250000e+01
   2.7750000e+01   3.2250000e+01
   2.7750000e+01   3.2250000e+01
   2.7750000e+01   3.2250000e+01
   2.7750000e+01   3.2250000e+01
   2.7750000e+01   3.2250000e+01
   2.7750000e+01   3.2250000e+01
   2.7750000e+01   3.2250000e+01
   2.7750000e+01   3.2250000e+01
   2.7750000e+01   3.2250000e+01
   2.7750000e+01   3.2250000e+01
   2.7750000e+01   3.2250000e+01
   2.7750000e+01   3.2250000e+01
   2.7750000e+01   3.2250000e+01
   2.7750000e+01   3.2250000e+01
   2.7750000e+01   3.2250000e+01
   2.7750000e+01   3.2250000e+01
   2.7750000e+01   3.2250000e+01
   2.7750000e+01   3.2250000e+01
   2.7750000e+01   3.2250000e+01
   2.7750000e+01   3.2250000e+01
   2.8574798e+01   3.1425202e+01
   2.9544352e+01   3.0455648e+01
   3.0361977e+01   2.9638023e+01
   3.1051102e+01   2.8948898e+01
   3.1623133e+01   2.8376867e+01
   3.2074385e+01   2.7925615e+01
   3.2250000e+01   2.7750000e+01
   3.2250000e+01   2.7750000e+01
   3.2250000e+01   2.7750000e+01
   3.2250000e+01   2.7750000e+01
   3.2250000e+01   2.7750000e+01
   3.2250000e+01   2.7750000e+01
   3.1899146e+01   2.8100854e+01
   3.1460078e+01   2.8539922e+01
   3.1029734e+01   2.8970266e+01
   3.0632874e+01   2.9367126e+01
   3.0286141e+01   2.9713859e+01
   2.9999106e+01   3.0000894e+01
   2.9775598e+01   3.0224402e+01
   2.9614934e+01   3.0385066e+01
   2.9512969e+01   3.0487031e+01
   2.9463026e+01   3.0536974e+01
   2.9456754e+01   3.0543246e+01
   2.9484944e+01   3.0515056e+01
   2.9538265e+01   3.0461735e+01
   2.9607870e+01   3.0392130e+01
   2.9685863e+01   3.0314137e+01
   2.9765584e+01   3.0234416e+01
   2.9841762e+01   3.0158238e+01
   2.9910527e+01   3.0089473e+01
   2.9969335e+01   3.0030665e+01
   3.0016824e+01   2.9983176e+01
   3.0068796e+01   2.9931204e+01
   3.0366258e+01   2.9633742e+01
   3.0575326e+01   2.9424674e+01
   3.0702447e+01   2.9297553e+01
   3.0757941e+01   2.9242059e+01
   3.0754488e+01   2.9245512e+01
   3.0705450e+01   2.9294550e+01
   3.0624381e+01   2.9375619e+01
   3.0523304e+01   2.9476696e+01
   3.0412864e+01   2.9587136e+01
   3.0301929e+01   2.9698071e+01
   3.0197410e+01   2.9802590e+01
   3.0104266e+01   2.9895734e+01
   3.0025641e+01   2.9974359e+01
   2.9963083e+01   3.0036917e+01
   2.9916812e+01   3.0083188e+01
   2.9886006e+01   3.0113994e+01
   2.9869083e+01   3.0130917e+01
   2.9863966e+01   3.0136034e+01
   2.9868323e+01   3.0131677e+01
   2.9879761e+01   3.0120239e+01
   2.9895993e+01   3.0104007e+01
   2.9914949e+01   3.0085051e+01
   2.9934856e+01   3.0065144e+01
   2.9954283e+01   3.0045717e+01
   2.9972148e+01   3.0027852e+01
   2.9987708e+01   3.0012292e+01
   3.0000527e+01   2.9999473e+01
   3.0010436e+01   2.9989564e+01
   3.0017482e+01   2.9982518e+01
   3.0021876e+01   2.9978124e+01
   2.9972651e+01   3.0027349e+01
   2.9888847e+01   3.0111153e+01
   2.9830645e+01   3.0169355e+01
   2.9795874e+01   3.0204126e+01
   2.9781410e+01   3.0218590e+01
   2.9783577e+01   3.0216423e+01
   2.9798520e+01   3.0201480e+01
   2.9822440e+01   3.0177560e+01
   2.9851861e+01   3.0148139e+01
   2.9883748e+01   3.0116252e+01
   2.9915594e+01   3.0084406e+01
   2.9945458e+01   3.0054542e+01
   2.9971958e+01   3.0028042e+01
   2.9994226e+01   3.0005774e+01
   3.0011849e+01   2.9988151e+01
   3.0024790e+01   2.9975210e+01
   3.0033309e+01   2.9966691e+01
   3.0037877e+01   2.9962123e+01
   3.0039100e+01   2.9960900e+01
   3.0037655e+01   2.9962345e+01
   3.0034229e+01   2.9965771e+01
   3.0029476e+01   2.9970524e+01
   3.0023986e+01   2.9976014e+01
   3.0018260e+01   2.9981740e+01
   3.0012701e+01   2.9987299e+01
   3.0007612e+01   2.9992388e+01
   3.0003200e+01   2.9996800e+01
   2.9999582e+01   3.0000418e+01
   2.9996802e+01   3.0003198e+01
   2.9994842e+01   3.0005158e+01
   2.9993638e+01   3.0006362e+01
   2.9993094e+01   3.0006906e+01
   2.9993094e+01   3.0006906e+01
   2.9993517e+01   3.0006483e+01
   2.9994243e+01   3.0005757e+01
   2.9995157e+01   3.0004843e+01
   2.9996163e+01   3.0003837e+01
   2.9997178e+01   3.0002822e+01
   2.9998138e+01   3.0001862e+01
   2.9998997e+01   3.0001003e+01
   2.9999724e+01   3.0000276e+01
   3.0000305e+01   2.9999695e+01
   3.0000736e+01   2.9999264e+01
   3.0001026e+01   2.9998974e+01
   3.0001188e+01   2.9998812e+01
   3.0001241e+01   2.9998759e+01
   3.0001206e+01   2.9998794e+01
   3.0001105e+01   2.9998895e+01
   3.0000959e+01   2.9999041e+01
   3.0000787e+01   2.9999213e+01
   3.0000605e+01   2.9999395e+01
   3.0000428e+01   2.9999572e+01
   3.0000264e+01   2.9999736e+01
   3.0000120e+01   2.9999880e+01
   3.0000002e+01   2.9999998e+01
   2.9999910e+01   3.0000090e+01
   2.9999844e+01   3.0000156e+01
   2.9999802e+01   3.0000198e+01
   2.9999782e+01   3.0000218e+01
   2.9999780e+01   3.0000220e+01
   2.9815620e+01   3.0184380e+01
   2.9041626e+01   3.0958374e+01
   2.8486185e+01   3.1513815e+01
   2.8145653e+01   3.1854347e+01
   2.7997404e+01   3.2002596e+01
   2.8006356e+01   3.1993644e+01
   2.8140051e+01   3.1859949e+01
   2.8354982e+01   3.1645018e+01
   2.8622069e+01   3.1377931e+01
   2.8913838e+01   3.1086162e+01
   2.9206801e+01   3.0793199e+01
   2.9482604e+01   3.0517396e+01
   2.9728206e+01   3.0271794e+01
   2.9935453e+01   3.0064547e+01
   3.0100383e+01   2.9899617e+01
   3.0222453e+01   2.9777547e+01
   3.0303796e+01   2.9696204e+01
   3.0348506e+01   2.9651494e+01
   3.0361991e+01   2.9638009e+01
   3.0350363e+01   2.9649637e+01
   3.0319928e+01   2.9680072e+01
   3.0276746e+01   2.9723254e+01
   3.0226314e+01   2.9773686e+01
   3.0173346e+01   2.9826654e+01
   3.0121655e+01   2.9878345e+01
   3.0074120e+01   2.9925880e+01
   3.0032718e+01   2.9967282e+01
   2.9998605e+01   3.0001395e+01
   2.9972235e+01   3.0027765e+01
   2.9953482e+01   3.0046518e+01
   2.9941786e+01   3.0058214e+01
   2.9936278e+01   3.0063722e+01
   2.9935908e+01   3.0064092e+01
   2.9939544e+01   3.0060456e+01
   2.9946065e+01   3.0053935e+01
   2.9954425e+01   3.0045575e+01
   2.9963698e+01   3.0036302e+01
   2.9973112e+01   3.0026888e+01
   2.9982059e+01   3.0017941e+01
   2.9990096e+01   3.0009904e+01
   2.9996935e+01   3.0003065e+01
   3.0002426e+01   2.9997574e+01
   3.0006536e+01   2.9993464e+01
   3.0009324e+01   2.9990676e+01
   3.0010914e+01   2.9989086e+01
   3.0011480e+01   2.9988520e+01
   3.0011215e+01   2.9988785e+01
   3.0010324e+01   2.9989676e+01
   3.0009000e+01   2.9991000e+01
   3.0007423e+01   2.9992577e+01
   3.0005745e+01   2.9994255e+01
   3.0004092e+01   2.9995908e+01
   3.0002560e+01   2.9997440e+01
   3.0001215e+01   2.9998785e+01
   3.0000097e+01   2.9999903e+01
   2.9999225e+01   3.0000775e+01
   2.9998595e+01   3.0001405e+01
   2.9998193e+01   3.0001807e+01
   2.9997992e+01   3.0002008e+01
   2.9997959e+01   3.0002041e+01
   2.9998059e+01   3.0001941e+01
   2.9998254e+01   3.0001746e+01
   2.9998513e+01   3.0001487e+01
   2.9998805e+01   3.0001195e+01
   2.9999104e+01   3.0000896e+01
   2.9987884e+01   3.0012116e+01
   2.9905610e+01   3.0094390e+01
   2.9847568e+01   3.0152432e+01
   2.9811885e+01   3.0188115e+01
   2.9795732e+01   3.0204268e+01
   2.9795711e+01   3.0204289e+01
   2.9808210e+01   3.0191790e+01
   2.9829642e+01   3.0170358e+01
   2.9856692e+01   3.0143308e+01
   2.9886444e+01   3.0113556e+01
   2.9916470e+01   3.0083530e+01
   2.9944869e+01   3.0055131e+01
   2.9970268e+01   3.0029732e+01
   2.9991786e+01   3.0008214e+01
   3.0008977e+01   2.9991023e+01
   3.0021759e+01   2.9978241e+01
   3.0030340e+01   2.9969660e+01
   3.0035137e+01   2.9964863e+01
   3.0036706e+01   2.9963294e+01
   3.0035676e+01   2.9964324e+01
   3.0032693e+01   2.9967307e+01
   3.0028378e+01   2.9971622e+01
   3.0023294e+01   2.9976706e+01
   3.0017925e+01   2.9982075e+01
   3.0012664e+01   2.9987336e+01
   3.0007809e+01   2.9992191e+01
   3.0003565e+01   2.9996435e+01
   3.0000056e+01   2.9999944e+01
   2.9997332e+01   3.0002668e+01
   2.9995382e+01   3.0004618e+01
   2.9994153e+01   3.0005847e+01
   2.9993557e+01   3.0006443e+01
   2.9993490e+01   3.0006510e+01
   2.9993836e+01   3.0006164e+01
   2.9994482e+01   3.0005518e+01
   2.9995321e+01   3.0004679e+01
   2.9996258e+01   3.0003742e+01
   2.9997214e+01   3.0002786e+01
   2.9998126e+01   3.0001874e+01
   2.9998947e+01   3.0001053e+01
   2.9999649e+01   3.0000351e+01
   3.0000215e+01   2.9999785e+01
   3.0000640e+01   2.9999360e+01
   3.0000931e+01   2.9999069e+01
   3.0001100e+01   2.9998900e+01
   3.0001163e+01   2.9998837e+01
   3.0001141e+01   2.9998859e+01
   3.0001054e+01   2.9998946e+01
   3.0000922e+01   2.9999078e+01
   3.0000763e+01   2.9999237e+01
   3.0000593e+01   2.9999407e+01
   3.0000425e+01   2.9999575e+01
   3.0000269e+01   2.9999731e+01
   3.0000131e+01   2.9999869e+01
   3.0000016e+01   2.9999984e+01
   2.9999926e+01   3.0000074e+01
   3.0261401e+01   2.9738599e+01
   3.1133744e+01   2.8866256e+01
   3.1760684e+01   2.8239316e+01
   3.2142069e+01   2.7857931e+01
   3.2250000e+01   2.7750000e+01
   3.2250000e+01   2.7750000e+01
   3.2151241e+01   2.7848759e+01
   3.1898323e+01   2.8101677e+01
   3.1586347e+01   2.8413653e+01
   3.1246833e+01   2.8753167e+01
   3.0906906e+01   2.9093094e+01
   3.0587700e+01   2.9412300e+01
   3.0304109e+01   2.9695891e+01
   3.0065333e+01   2.9934667e+01
   2.9875752e+01   3.0124248e+01
   2.9735842e+01   3.0264158e+01
   2.9643050e+01   3.0356950e+01
   2.9592586e+01   3.0407414e+01
   2.9578165e+01   3.0421835e+01
   2.9592687e+01   3.0407313e+01
   2.9628838e+01   3.0371162e+01
   2.9679585e+01   3.0320415e+01
   2.9738558e+01   3.0261442e+01
   2.9800301e+01   3.0199699e+01
   2.9860411e+01   3.0139589e+01
   2.9915573e+01   3.0084427e+01
   2.9963521e+01   3.0036479e+01
   3.0002941e+01   2.9997059e+01
   3.0033334e+01   2.9966666e+01
   3.0054866e+01   2.9945134e+01
   3.0068208e+01   2.9931792e+01
   3.0074380e+01   2.9925620e+01
   3.0074614e+01   2.9925386e+01
   3.0070227e+01   2.9929773e+01
   3.0062526e+01   2.9937474e+01
   3.0052726e+01   2.9947274e+01
   3.0041897e+01   2.9958103e+01
   3.0030935e+01   2.9969065e+01
   3.0020539e+01   2.9979461e+01
   3.0011219e+01   2.9988781e+01
   3.0003305e+01   2.9996695e+01
   2.9996965e+01   3.0003035e+01
   2.9992234e+01   3.0007766e+01
   2.9989041e+01   3.0010959e+01
   2.9987235e+01   3.0012765e+01
   2.9986617e+01   3.0013383e+01
   2.9986956e+01   3.0013044e+01
   2.9988018e+01   3.0011982e+01
   2.9989575e+01   3.0010425e+01
   2.9991421e+01   3.0008579e+01
   2.9993378e+01   3.0006622e+01
   2.9995301e+01   3.0004699e+01
   3.0039789e+01   2.9960211e+01
   3.0130548e+01   2.9869452e+01
   3.0192961e+01   2.9807039e+01
   3.0229551e+01   2.9770449e+01
   3.0243869e+01   2.9756131e+01
   3.0240039e+01   2.9759961e+01
   3.0222364e+01   2.9777636e+01
   3.0195047e+01   2.9804953e+01
   3.0161921e+01   2.9838079e+01
   3.0126318e+01   2.9873682e+01
   3.0090973e+01   2.9909027e+01
   3.0057992e+01   2.9942008e+01
   3.0028865e+01   2.9971135e+01
   3.0004509e+01   2.9995491e+01
   2.9985345e+01   3.0014655e+01
   2.9971379e+01   3.0028621e+01
   2.9962300e+01   3.0037700e+01
   2.9957567e+01   3.0042433e+01
   2.9956494e+01   3.0043506e+01
   2.9958326e+01   3.0041674e+01
   2.9962298e+01   3.0037702e+01
   2.9967686e+01   3.0032314e+01
   2.9973844e+01   3.0026156e+01
   2.9980220e+01   3.0019780e+01
   2.9986376e+01   3.0013624e+01
   2.9991984e+01   3.0008016e+01
   2.9996824e+01   3.0003176e+01
   3.0000772e+01   2.9999228e+01
   3.0003786e+01   2.9996214e+01
   3.0005892e+01   2.9994108e+01
   3.0007165e+01   2.9992835e+01
   3.0007713e+01   2.9992287e+01
   3.0411804e+01   2.9588196e+01
   3.1641566e+01   2.8358434e+01
   3.2250000e+01   2.7750000e+01
   3.2250000e+01   2.7750000e+01
   3.2250000e+01   2.7750000e+01
   3.2250000e+01   2.7750000e+01
   3.2250000e+01   2.7750000e+01
   3.2250000e+01   2.7750000e+01
   3.2250000e+01   2.7750000e+01
   3.2250000e+01   2.7750000e+01
   3.2250000e+01   2.7750000e+01
   3.2250000e+01   2.7750000e+01
   3.2250000e+01   2.7750000e+01
   3.1652103e+01   2.8347897e+01
   3.0954568e+01   2.9045432e+01
   3.0353345e+01   2.9646655e+01
   2.9860709e+01   3.0139291e+01
   2.9480297e+01   3.0519703e+01
   2.9209785e+01   3.0790215e+01
   2.9042158e+01   3.0957842e+01
   2.8966411e+01   3.1033589e+01
   2.8968370e+01   3.1031630e+01
   2.9031829e+01   3.0968171e+01
   2.9139898e+01   3.0860102e+01
   2.9276304e+01   3.0723696e+01
   2.9426432e+01   3.0573568e+01
   2.9578002e+01   3.0421998e+01
   2.9721389e+01   3.0278611e+01
   2.9849650e+01   3.0150350e+01
   2.9958340e+01   3.0041660e+01
   3.0045215e+01   2.9954785e+01
   3.0109861e+01   2.9890139e+01
   3.0153308e+01   2.9846692e+01
   3.0177648e+01   2.9822352e+01
   3.0185668e+01   2.9814332e+01
   3.0180531e+01   2.9819469e+01
   3.0165499e+01   2.9834501e+01
   3.0143711e+01   2.9856289e+01
   3.0118015e+01   2.9881985e+01
   3.0090862e+01   2.9909138e+01
   3.0064241e+01   2.9935759e+01
   3.0039664e+01   2.9960336e+01
   3.0018175e+01   2.9981825e+01
   3.0000397e+01   2.9999603e+01
   2.9986586e+01   3.0013414e+01
   2.9976696e+01   3.0023304e+01
   2.9970453e+01   3.0029547e+01
   2.9967421e+01   3.0032579e+01
   2.9967063e+01   3.0032937e+01
   2.9968803e+01   3.0031197e+01
   2.9972062e+01   3.0027938e+01
   2.9976299e+01   3.0023701e+01
   2.9981037e+01   3.0018963e+01
   2.9985872e+01   3.0014128e+01
   2.9990487e+01   3.0009513e+01
   2.9994648e+01   3.0005352e+01
   2.9998202e+01   3.0001798e+01
   3.0001069e+01   2.9998931e+01
   3.0003227e+01   2.9996773e+01
   3.0004703e+01   2.9995297e+01
   3.0005559e+01   2.9994441e+01
   3.0005883e+01   2.9994117e+01
   3.0005774e+01   2.9994226e+01
   3.0005336e+01   2.9994664e+01
   3.0004670e+01   2.9995330e+01
   3.0003867e+01   2.9996133e+01
   2.9929200e+01   3.0070800e+01
   2.9315130e+01   3.0684870e+01
   2.8873903e+01   3.1126097e+01
   2.8599129e+01   3.1400871e+01
   2.8472700e+01   3.1527300e+01
   2.8468411e+01   3.1531589e+01
   2.8561769e+01   3.1438231e+01
   2.8720840e+01   3.1279160e+01
   2.8922307e+01   3.1077693e+01
   2.9144644e+01   3.0855356e+01
   2.9369530e+01   3.0630470e+01
   2.9582556e+01   3.0417444e+01
   2.9773331e+01   3.0226669e+01
   2.9935214e+01   3.0064786e+01
   3.0064832e+01   2.9935168e+01
   3.0161519e+01   2.9838481e+01
   3.0226746e+01   2.9773254e+01
   3.0263552e+01   2.9736448e+01
   3.0276029e+01   2.9723971e+01
   3.0268843e+01   2.9731157e+01
   3.0246826e+01   2.9753174e+01
   3.0214644e+01   2.9785356e+01
   3.0176546e+01   2.9823454e+01
   3.0136190e+01   2.9863810e+01
   3.0096555e+01   2.9903445e+01
   3.0059907e+01   2.9940093e+01
   3.0027817e+01   2.9972183e+01
   3.0001228e+01   2.9998772e+01
   2.9980532e+01   3.0019468e+01
   2.9965673e+01   3.0034327e+01
   2.9956251e+01   3.0043749e+01
   2.9951622e+01   3.0048378e+01
   2.9950994e+01   3.0049006e+01
   2.9953507e+01   3.0046493e+01
   2.9958302e+01   3.0041698e+01
   2.9964574e+01   3.0035426e+01
   2.9971606e+01   3.0028394e+01
   2.9978799e+01   3.0021201e+01
   2.9985675e+01   3.0014325e+01
   2.9991884e+01   3.0008116e+01
   2.9997196e+01   3.0002804e+01
   3.0001488e+01   2.9998512e+01
   3.0004725e+01   2.9995275e+01
   3.0458598e+01   2.9541402e+01
   3.0974921e+01   2.9025079e+01
   3.1319130e+01   2.8680870e+01
   3.1505053e+01   2.8494947e+01
   3.1558475e+01   2.8441525e+01
   3.1498113e+01   2.8501887e+01
   3.1361881e+01   2.8638119e+01
   3.1173419e+01   2.8826581e+01
   3.0955372e+01   2.9044628e+01
   3.0727659e+01   2.9272341e+01
   2.7750000e+01   3.2250000e+01
   2.7750000e+01   3.2250000e+01
   2.7750000e+01   3.2250000e+01
   2.7750000e+01   3.2250000e+01
   2.7750000e+01   3.2250000e+01
   2.7750000e+01   3.2250000e+01
   2.7750000e+01   3.2250000e+01
   2.7750000e+01   3.2250000e+01
   2.7750000e+01   3.2250000e+01
   2.7750000e+01   3.2250000e+01
   2.7750000e+01   3.2250000e+01
   2.7750000e+01   3.2250000e+01
   2.7750000e+01   3.2250000e+01
   2.7750000e+01   3.2250000e+01
   2.7865340e+01   3.2134660e+01
   2.8945839e+01   3.1054161e+01
   2.9861740e+01   3.0138260e+01
   3.0625242e+01   2.9374758e+01
   3.1246876e+01   2.8753124e+01
   3.1728297e+01   2.8271703e+01
   3.2064419e+01   2.7935581e+01
   3.2250000e+01   2.7750000e+01
   3.2250000e+01   2.7750000e+01
   3.2210208e+01   2.7789792e+01
   3.2010763e+01   2.7989237e+01
   3.1734795e+01   2.8265205e+01
   3.1414405e+01   2.8585595e+01
   3.1078934e+01   2.8921066e+01
   3.0752550e+01   2.9247450e+01
   3.0453330e+01   2.9546670e+01
   3.0193414e+01   2.9806586e+01
   2.9979712e+01   3.0020288e+01
   2.9814796e+01   3.0185204e+01
   2.9692747e+01   3.0307253e+01
   2.9327928e+01   3.0672072e+01
   2.9083895e+01   3.0916105e+01
   2.8949877e+01   3.1050123e+01
   2.8910177e+01   3.1089823e+01
   2.8946181e+01   3.1053819e+01
   2.9038107e+01   3.0961893e+01
   2.9168062e+01   3.0831938e+01
   2.9319789e+01   3.0680211e+01
   2.9479143e+01   3.0520857e+01
   2.9634631e+01   3.0365369e+01
   2.9777586e+01   3.0222414e+01
   2.9902078e+01   3.0097922e+01
   3.0004648e+01   2.9995352e+01
   3.0083953e+01   2.9916047e+01
   3.0140363e+01   2.9859637e+01
   3.0175558e+01   2.9824442e+01
   3.0192133e+01   2.9807867e+01
   3.0193242e+01   2.9806758e+01
   3.0182280e+01   2.9817720e+01
   3.0162622e+01   2.9837378e+01
   3.0137421e+01   2.9862579e+01
   3.0109463e+01   2.9890537e+01
   3.0081080e+01   2.9918920e+01
   3.0054104e+01   2.9945896e+01
   3.0029872e+01   2.9970128e+01
   3.0009250e+01   2.9990750e+01
   2.9992692e+01   3.0007308e+01
   2.9980297e+01   3.0019703e+01
   2.9971891e+01   3.0028109e+01
   2.9967093e+01   3.0032907e+01
   2.9965387e+01   3.0034613e+01
   2.9966183e+01   3.0033817e+01
   2.9968870e+01   3.0031130e+01
   2.9972860e+01   3.0027140e+01
   2.9977616e+01   3.0022384e+01
   2.9982675e+01   3.0017325e+01
   2.9987659e+01   3.0012341e+01
   2.9992279e+01   3.0007721e+01
   2.9996335e+01   3.0003665e+01
   2.9999705e+01   3.0000295e+01
   3.0002337e+01   2.9997663e+01
   3.0004234e+01   2.9995766e+01
   3.0005447e+01   2.9994553e+01
   3.0006053e+01   2.9993947e+01
   3.0006153e+01   2.9993847e+01
   3.0005854e+01   2.9994146e+01
   3.0005264e+01   2.9994736e+01
   3.0004483e+01   2.9995517e+01
   3.0003604e+01   2.9996396e+01
   3.0002701e+01   2.9997299e+01
   3.0001836e+01   2.9998164e+01
   2.9832566e+01   3.0167434e+01
   2.9287092e+01   3.0712908e+01
   2.8903005e+01   3.1096995e+01
   2.8671539e+01   3.1328461e+01
   2.8574194e+01   3.1425806e+01
   2.8586495e+01   3.1413505e+01
   2.8684248e+01   3.1315752e+01
   2.8839715e+01   3.1160285e+01
   2.9031225e+01   3.0968775e+01
   2.9239156e+01   3.0760844e+01
   2.9447056e+01   3.0552944e+01
   2.9642151e+01   3.0357849e+01
   2.9815374e+01   3.0184626e+01
   2.9961066e+01   3.0038934e+01
   3.0076528e+01   2.9923472e+01
   3.0161496e+01   2.9838504e+01
   3.0217605e+01   2.9782395e+01
   3.0247875e+01   2.9752125e+01
   3.0256225e+01   2.9743775e+01
   3.0247039e+01   2.9752961e+01
   3.0224802e+01   2.9775198e+01
   3.0193796e+01   2.9806204e+01
   3.0157885e+01   2.9842115e+01
   3.0120369e+01   2.9879631e+01
   3.0083905e+01   2.9916095e+01
   3.0050490e+01   2.9949510e+01
   3.0021484e+01   2.9978516e+01
   2.9997675e+01   3.0002325e+01
   2.9979352e+01   3.0020648e+01
   2.9966406e+01   3.0033594e+01
   2.9958423e+01   3.0041577e+01
   2.9954776e+01   3.0045224e+01
   2.9954717e+01   3.0045283e+01
   2.9957444e+01   3.0042556e+01
   2.9962164e+01   3.0037836e+01
   2.9968141e+01   3.0031859e+01
   2.9974726e+01   3.0025274e+01
   2.9981381e+01   3.0018619e+01
   2.9987682e+01   3.0012318e+01
   2.9993322e+01   3.0006678e+01
   2.9998105e+01   3.0001895e+01
   3.0001930e+01   2.9998070e+01
   3.0004779e+01   2.9995221e+01
   3.0006695e+01   2.9993305e+01
   3.0007771e+01   2.9992229e+01
   3.0008130e+01   2.9991870e+01
   3.0007911e+01   2.9992089e+01
   3.0007256e+01   2.9992744e+01
   3.0006304e+01   2.9993696e+01
   3.0005180e+01   2.9994820e+01
   3.0003991e+01   2.9996009e+01
   3.0002825e+01   2.9997175e+01
   3.0001747e+01   2.9998253e+01
   3.0000805e+01   2.9999195e+01
   3.0000024e+01   2.9999976e+01
   2.9999418e+01   3.0000582e+01
   2.9998983e+01   3.0001017e+01
   2.9998708e+01   3.0001292e+01
   2.9904599e+01   3.0095401e+01
   2.9677033e+01   3.0322967e+01
   2.9519995e+01   3.0480005e+01
   2.9427553e+01   3.0572447e+01
   2.9390976e+01   3.0609024e+01
   2.9399943e+01   3.0600057e+01
   2.9443748e+01   3.0556252e+01
   2.9511713e+01   3.0488287e+01
   2.9594310e+01   3.0405690e+01
   2.9683212e+01   3.0316788e+01
   2.9771555e+01   3.0228445e+01
   2.9854054e+01   3.0145946e+01
   2.9926969e+01   3.0073031e+01
   2.9987991e+01   3.0012009e+01
   3.0036057e+01   2.9963943e+01
   3.0071134e+01   2.9928866e+01
   3.0093989e+01   2.9906011e+01
   3.0105964e+01   2.9894036e+01
   3.0108768e+01   2.9891232e+01
   3.0104284e+01   2.9895716e+01
   3.0094424e+01   2.9905576e+01
   3.0080996e+01   2.9919004e+01
   3.0065623e+01   2.9934377e+01
   3.0049684e+01   2.9950316e+01
   3.0034281e+01   2.9965719e+01
   3.0020237e+01   2.9979763e+01
   2.9923216e+01   3.0076784e+01
   2.9336195e+01   3.0663805e+01
   2.8915555e+01   3.1084445e+01
   2.8654409e+01   3.1345591e+01
   2.8535081e+01   3.1464919e+01
   2.8532524e+01   3.1467476e+01
   2.8622925e+01   3.1377075e+01
   2.8776143e+01   3.1223857e+01
   2.8969717e+01   3.1030283e+01
   2.9183016e+01   3.0816984e+01
   2.9398533e+01   3.0601467e+01
   2.9602514e+01   3.0397486e+01
   2.9785051e+01   3.0214949e+01
   2.9939821e+01   3.0060179e+01
   3.0063628e+01   2.9936372e+01
   3.0155868e+01   2.9844132e+01
   3.0217974e+01   2.9782026e+01
   3.0252885e+01   2.9747115e+01
   3.0264536e+01   2.9735464e+01
   3.0257408e+01   2.9742592e+01
   3.0236135e+01   2.9763865e+01
   3.0205183e+01   2.9794817e+01
   3.0168618e+01   2.9831382e+01
   3.0129937e+01   2.9870063e+01
   3.0091984e+01   2.9908016e+01
   3.0056919e+01   2.9943081e+01
   3.0026241e+01   2.9973759e+01
   3.0000843e+01   2.9999157e+01
   2.9981094e+01   3.0018906e+01
   2.9966936e+01   3.0033064e+01
   2.9957979e+01   3.0042021e+01
   2.9953606e+01   3.0046394e+01
   2.9953054e+01   3.0046946e+01
   2.9955501e+01   3.0044499e+01
   2.9960122e+01   3.0039878e+01
   2.9966148e+01   3.0033852e+01
   2.9972893e+01   3.0027107e+01
   2.9979784e+01   3.0020216e+01
   2.9986366e+01   3.0013634e+01
   2.9992305e+01   3.0007695e+01
   2.9997381e+01   3.0002619e+01
   3.0001479e+01   2.9998521e+01
   3.0004566e+01   2.9995434e+01
   3.0006680e+01   2.9993320e+01
   3.0007911e+01   2.9992089e+01
   3.0008381e+01   2.9991619e+01
   3.0008233e+01   2.9991767e+01
   3.0007614e+01   2.9992386e+01
   3.0006667e+01   2.9993333e+01
   3.0005525e+01   2.9994475e+01
   3.0004301e+01   2.9995699e+01
   3.0003089e+01   2.9996911e+01
   2.9933443e+01   3.0066557e+01
   2.9780090e+01   3.0219910e+01
   2.9674525e+01   3.0325475e+01
   2.9612573e+01   3.0387427e+01
   2.9588269e+01   3.0411731e+01
   2.9594643e+01   3.0405357e+01
   2.9624441e+01   3.0375559e+01
   2.9670523e+01   3.0329477e+01
   2.9726431e+01   3.0273569e+01
   2.9786540e+01   3.0213460e+01
   2.9846225e+01   3.0153775e+01
   2.9901927e+01   3.0098073e+01
   2.9951129e+01   3.0048871e+01
   2.9992279e+01   3.0007721e+01
   3.0024666e+01   2.9975334e+01
   3.0048276e+01   2.9951724e+01
   3.0063632e+01   2.9936368e+01
   3.0071646e+01   2.9928354e+01
   3.0073476e+01   2.9926524e+01
   3.0070398e+01   2.9929602e+01
   3.0063700e+01   2.9936300e+01
   3.0054606e+01   2.9945394e+01
   3.0044211e+01   2.9955789e+01
   3.0033442e+01   2.9966558e+01
   3.0023043e+01   2.9976957e+01
   3.0013568e+01   2.9986432e+01
   3.0005389e+01   2.9994611e+01
   2.9998717e+01   3.0001283e+01
   2.9993621e+01   3.0006379e+01
   2.9990059e+01   3.0009941e+01
   2.9987906e+01   3.0012094e+01
   2.9986976e+01   3.0013024e+01
   2.9987053e+01   3.0012947e+01
   2.9987905e+01   3.0012095e+01
   2.9989306e+01   3.0010694e+01
   2.9991047e+01   3.0008953e+01
   2.9992946e+01   3.0007054e+01
   2.9994850e+01   3.0005150e+01
   2.9996642e+01   3.0003358e+01
   2.9998238e+01   3.0001762e+01
   2.9999583e+01   3.0000417e+01
   3.0000652e+01   2.9999348e+01
   3.0001440e+01   2.9998560e+01
   3.0001964e+01   2.9998036e+01
   3.0002250e+01   2.9997750e+01
   3.0002334e+01   2.9997666e+01
   3.0002256e+01   2.9997744e+01
   3.0002057e+01   2.9997943e+01
   3.0001778e+01   2.9998222e+01
   3.0001452e+01   2.9998548e+01
   3.0001110e+01   2.9998890e+01
   3.0007710e+01   2.9992290e+01
   3.0108412e+01   2.9891588e+01
   3.0179899e+01   2.9820101e+01
   3.0224332e+01   2.9775668e+01
   3.0245052e+01   2.9754948e+01
   3.0246117e+01   2.9753883e+01
   3.0231861e+01   2.9768139e+01
   3.0206616e+01   2.9793384e+01
   3.0174389e+01   2.9825611e+01
   3.0138719e+01   2.9861281e+01
   3.0102564e+01   2.9897436e+01
   3.0068245e+01   2.9931755e+01
   3.0037453e+01   2.9962547e+01
   3.0011279e+01   2.9988721e+01
   2.9990291e+01   3.0009709e+01
   2.9974608e+01   3.0025392e+01
   2.9963999e+01   3.0036001e+01
   2.9957976e+01   3.0042024e+01
   2.9955878e+01   3.0044122e+01
   2.9956952e+01   3.0043048e+01
   2.9960420e+01   3.0039580e+01
   2.9965533e+01   3.0034467e+01
   2.9971608e+01   3.0028392e+01
   2.9978058e+01   3.0021942e+01
   2.9984403e+01   3.0015597e+01
   2.9990279e+01   3.0009721e+01
   2.9995431e+01   3.0004569e+01
   2.9999706e+01   3.0000294e+01
   3.0003039e+01   2.9996961e+01
   3.0005438e+01   2.9994562e+01
   3.0006966e+01   2.9993034e+01
   3.0007724e+01   2.9992276e+01
   3.0007839e+01   2.9992161e+01
   3.0007448e+01   2.9992552e+01
   3.0006689e+01   2.9993311e+01
   3.0005691e+01   2.9994309e+01
   3.0004568e+01   2.9995432e+01
   3.0003418e+01   2.9996582e+01
   3.0002317e+01   2.9997683e+01
   3.0001321e+01   2.9998679e+01
   3.0000468e+01   2.9999532e+01
   2.9999777e+01   3.0000223e+01
   2.9999256e+01   3.0000744e+01
   2.9998897e+01   3.0001103e+01
   2.9998686e+01   3.0001314e+01
   2.9998603e+01   3.0001397e+01
   2.9998624e+01   3.0001376e+01
   2.9998724e+01   3.0001276e+01
   2.9998881e+01   3.0001119e+01
   2.9999070e+01   3.0000930e+01
   2.9999274e+01   3.0000726e+01
   2.9999477e+01   3.0000523e+01
   2.9999666e+01   3.0000334e+01
   2.9999833e+01   3.0000167e+01
   2.9999973e+01   3.0000027e+01
   3.0000083e+01   2.9999917e+01
   3.0000163e+01   2.9999837e+01
   3.0000216e+01   2.9999784e+01
   3.1841028e+01   2.8158972e+01
   3.2250000e+01   2.7750000e+01
   3.2250000e+01   2.7750000e+01
   3.2250000e+01   2.7750000e+01
   3.2250000e+01   2.7750000e+01
   3.2250000e+01   2.7750000e+01
   3.2250000e+01   2.7750000e+01
   3.2250000e+01   2.7750000e+01
   3.2250000e+01   2.7750000e+01
   3.2250000e+01   2.7750000e+01
   3.2250000e+01   2.7750000e+01
   3.2250000e+01   2.7750000e+01
   3.2250000e+01   2.7750000e+01
   3.2250000e+01   2.7750000e+01
   3.2250000e+01   2.7750000e+01
   3.2250000e+01   2.7750000e+01
   3.2250000e+01   2.7750000e+01
   3.2250000e+01   2.7750000e+01
   3.2250000e+01   2.7750000e+01
   3.2250000e+01   2.7750000e+01
   3.2250000e+01   2.7750000e+01
   3.2250000e+01   2.7750000e+01
   3.2250000e+01   2.7750000e+01
   3.2250000e+01   2.7750000e+01
   3.2250000e+01   2.7750000e+01
   3.2250000e+01   2.7750000e+01
   3.2250000e+01   2.7750000e+01
   3.2250000e+01   2.7750000e+01
   3.2250000e+01   2.7750000e+01
   3.2250000e+01   2.7750000e+01
   3.2250000e+01   2.7750000e+01
   3.2250000e+01   2.7750000e+01
   3.2073858e+01   2.7926142e+01
   3.1114276e+01   2.8885724e+01
   3.0323894e+01   2.9676106e+01
   2.9657621e+01   3.0342379e+01
   2.9075154e+01   3.0924846e+01
   2.8548419e+01   3.1451581e+01
   2.8065867e+01   3.1934133e+01
   2.7750000e+01   3.2250000e+01
   2.7750000e+01   3.2250000e+01
   2.7750000e+01   3.2250000e+01
   2.7750000e+01   3.2250000e+01
   2.7750000e+01   3.2250000e+01
   2.7750000e+01   3.2250000e+01
   2.7750000e+01   3.2250000e+01
   2.7750000e+01   3.2250000e+01
   2.7750000e+01   3.2250000e+01
   2.7750000e+01   3.2250000e+01
   2.7750000e+01   3.2250000e+01
   2.8248115e+01   3.1751885e+01
   2.8901122e+01   3.1098878e+01
   2.9475505e+01   3.0524495e+01
   2.9955569e+01   3.0044431e+01
   3.0334884e+01   2.9665116e+01
   3.0613589e+01   2.9386411e+01
   3.0796791e+01   2.9203209e+01
   3.0893579e+01   2.9106421e+01
   3.0916131e+01   2.9083869e+01
   3.0878666e+01   2.9121334e+01
   3.0796265e+01   2.9203735e+01
   3.0683716e+01   2.9316284e+01
   3.0554560e+01   2.9445440e+01
   3.0420421e+01   2.9579579e+01
   3.0290647e+01   2.9709353e+01
   3.0172208e+01   2.9827792e+01
   3.0069807e+01   2.9930193e+01
   2.9986100e+01   3.0013900e+01
   2.9803565e+01   3.0196435e+01
   2.7750000e+01   3.2250000e+01
   2.7750000e+01   3.2250000e+01
   2.7750000e+01   3.2250000e+01
   2.7750000e+01   3.2250000e+01
   2.7750000e+01   3.2250000e+01
   2.7750000e+01   3.2250000e+01
   2.7750000e+01   3.2250000e+01
   2.7750000e+01   3.2250000e+01
   2.7750000e+01   3.2250000e+01
   2.7750000e+01   3.2250000e+01
   2.7750000e+01   3.2250000e+01
   2.7750000e+01   3.2250000e+01
   2.7750000e+01   3.2250000e+01
   2.7750000e+01   3.2250000e+01
   2.7750000e+01   3.2250000e+01
   2.7750000e+01   3.2250000e+01
   2.7750000e+01   3.2250000e+01
   2.7750000e+01   3.2250000e+01
   2.7750000e+01   3.2250000e+01
   2.7750000e+01   3.2250000e+01
   2.7750000e+01   3.2250000e+01
   2.7750000e+01   3.2250000e+01
   2.7750000e+01   3.2250000e+01
   2.7750000e+01   3.2250000e+01
   2.7750000e+01   3.2250000e+01
   2.7750000e+01   3.2250000e+01
   2.7750000e+01   3.2250000e+01
   2.7750000e+01   3.2250000e+01
   2.7750000e+01   3.2250000e+01
   3.2250000e+01   2.7750000e+01
   3.2250000e+01   2.7750000e+01
   3.2250000e+01   2.7750000e+01
   3.2250000e+01   2.7750000e+01
   3.2250000e+01   2.7750000e+01
   3.2250000e+01   2.7750000e+01
   3.2250000e+01   2.7750000e+01
   3.2250000e+01   2.7750000e+01
   3.2250000e+01   2.7750000e+01
   3.2250000e+01   2.7750000e+01
   3.2250000e+01   2.7750000e+01
   3.2250000e+01   2.7750000e+01
   3.2250000e+01   2.7750000e+01
   3.2250000e+01   2.7750000e+01
   3.2250000e+01   2.7750000e+01
   3.2250000e+01   2.7750000e+01
   3.2250000e+01   2.7750000e+01
   3.2250000e+01   2.7750000e+01
   3.2250000e+01   2.7750000e+01
   3.2250000e+01   2.7750000e+01
   3.2250000e+01   2.7750000e+01
   3.2250000e+01   2.7750000e+01
   3.2250000e+01   2.7750000e+01
   3.2250000e+01   2.7750000e+01
   3.2250000e+01   2.7750000e+01
   3.2250000e+01   2.7750000e+01
   3.2250000e+01   2.7750000e+01
   3.2250000e+01   2.7750000e+01
   3.2250000e+01   2.7750000e+01
   3.2250000e+01   2.7750000e+01
   3.2250000e+01   2.7750000e+01
   3.2250000e+01   2.7750000e+01
   3.2250000e+01   2.7750000e+01
   3.2250000e+01   2.7750000e+01
   3.2250000e+01   2.7750000e+01
   3.2250000e+01   2.7750000e+01
   3.2231740e+01   2.7768260e+01
   3.1294439e+01   2.8705561e+01
   3.0535045e+01   2.9464955e+01
   2.9906620e+01   3.0093380e+01
   2.9365204e+01   3.0634796e+01
   2.8875886e+01   3.1124114e+01
   2.8415675e+01   3.1584325e+01
   2.7976357e+01   3.2023643e+01
   2.7750000e+01   3.2250000e+01
   2.7750000e+01   3.2250000e+01
   2.7750000e+01   3.2250000e+01
   2.7750000e+01   3.2250000e+01
   2.7750000e+01   3.2250000e+01
   2.7750000e+01   3.2250000e+01
   2.7750000e+01   3.2250000e+01
   2.7750000e+01   3.2250000e+01
   2.7750000e+01   3.2250000e+01
   2.7750000e+01   3.2250000e+01
   2.7750000e+01   3.2250000e+01
   2.7750000e+01   3.2250000e+01
   2.8319485e+01   3.1680515e+01
   2.8844176e+01   3.1155824e+01
   2.9306517e+01   3.0693483e+01
   2.9705831e+01   3.0294169e+01
   3.0034774e+01   2.9965226e+01
   3.0278360e+01   2.9721640e+01
   3.0474320e+01   2.9525680e+01
   3.0599003e+01   2.9400997e+01
   3.0660302e+01   2.9339698e+01
   3.0668190e+01   2.9331810e+01
   3.0633781e+01   2.9366219e+01
   3.0568436e+01   2.9431564e+01
   3.0482985e+01   2.9517015e+01
   3.0387139e+01   2.9612861e+01
   3.0289098e+01   2.9710902e+01
   3.0195364e+01   2.9804636e+01
   2.9530203e+01   3.0469797e+01
   2.9563718e+01   3.0436282e+01
   2.9616388e+01   3.0383612e+01
   2.9680718e+01   3.0319282e+01
   2.9750159e+01   3.0249841e+01
   2.9819309e+01   3.0180691e+01
   2.9883999e+01   3.0116001e+01
   2.9941269e+01   3.0058731e+01
   2.9989281e+01   3.0010719e+01
   2.9654739e+01   3.0345261e+01
   2.9377929e+01   3.0622071e+01
   2.9200872e+01   3.0799128e+01
   2.9112578e+01   3.0887422e+01
   2.9098219e+01   3.0901781e+01
   2.9143218e+01   3.0856782e+01
   2.9230212e+01   3.0769788e+01
   2.9344734e+01   3.0655266e+01
   2.9473685e+01   3.0526315e+01
   2.9605931e+01   3.0394069e+01
   2.9732624e+01   3.0267376e+01
   2.9847247e+01   3.0152753e+01
   2.9945500e+01   3.0054500e+01
   3.0025053e+01   2.9974947e+01
   3.0085240e+01   2.9914760e+01
   3.0126724e+01   2.9873276e+01
   3.0151159e+01   2.9848841e+01
   3.0160869e+01   2.9839131e+01
   3.0158559e+01   2.9841441e+01
   3.0147063e+01   2.9852937e+01
   3.0129146e+01   2.9870854e+01
   3.0107343e+01   2.9892657e+01
   3.0083863e+01   2.9916137e+01
   3.0060520e+01   2.9939480e+01
   3.0038711e+01   2.9961289e+01
   3.0019429e+01   2.9980571e+01
   3.0003285e+01   2.9996715e+01
   2.9990564e+01   3.0009436e+01
   2.9981277e+01   3.0018723e+01
   2.9975220e+01   3.0024780e+01
   2.9972040e+01   3.0027960e+01
   2.9971286e+01   3.0028714e+01
   2.9972459e+01   3.0027541e+01
   2.9975055e+01   3.0024945e+01
   2.9978596e+01   3.0021404e+01
   2.9982652e+01   3.0017348e+01
   2.9986859e+01   3.0013141e+01
   2.9990927e+01   3.0009073e+01
   2.9994637e+01   3.0005363e+01
   2.9997842e+01   3.0002158e+01
   3.0000460e+01   2.9999540e+01
   3.0002462e+01   2.9997538e+01
   3.0003864e+01   2.9996136e+01
   3.0004715e+01   2.9995285e+01
   2.9958594e+01   3.0041406e+01
   2.9801215e+01   3.0198785e+01
   2.9691225e+01   3.0308775e+01
   2.9624810e+01   3.0375190e+01
   2.9596294e+01   3.0403706e+01
   2.9598904e+01   3.0401096e+01
   2.9625534e+01   3.0374466e+01
   2.9669090e+01   3.0330910e+01
   2.9723126e+01   3.0276874e+01
   2.9781985e+01   3.0218015e+01
   2.9840980e+01   3.0159020e+01
   2.9896467e+01   3.0103533e+01
   2.9945837e+01   3.0054163e+01
   2.9987442e+01   3.0012558e+01
   3.0020477e+01   2.9979523e+01
   3.0044845e+01   2.9955155e+01
   3.0061000e+01   2.9939000e+01
   3.0069795e+01   2.9930205e+01
   3.0072344e+01   2.9927656e+01
   3.0069892e+01   2.9930108e+01
   3.0063711e+01   2.9936289e+01
   3.0055018e+01   2.9944982e+01
   3.0044907e+01   2.9955093e+01
   3.0034317e+01   2.9965683e+01
   3.0024003e+01   2.9975997e+01
   3.0014535e+01   2.9985465e+01
   3.0006303e+01   2.9993697e+01
   2.9999532e+01   3.0000468e+01
   2.9994311e+01   3.0005689e+01
   2.9990609e+01   3.0009391e+01
   2.9988314e+01   3.0011686e+01
   2.9987249e+01   3.0012751e+01
   2.9987204e+01   3.0012796e+01
   2.9987953e+01   3.0012047e+01
   2.9989271e+01   3.0010729e+01
   2.9990950e+01   3.0009050e+01
   2.9992806e+01   3.0007194e+01
   2.9994686e+01   3.0005314e+01
   2.9996469e+01   3.0003531e+01
   2.9998068e+01   3.0001932e+01
   2.9999427e+01   3.0000573e+01
   3.0000515e+01   2.9999485e+01
   3.0001328e+01   2.9998672e+01
   3.0001877e+01   2.9998123e+01
   3.0002188e+01   2.9997812e+01
   3.0002295e+01   2.9997705e+01
   3.0002237e+01   2.9997763e+01
   3.0002056e+01   2.9997944e+01
   3.0001789e+01   2.9998211e+01
   3.0001473e+01   2.9998527e+01
   3.0001137e+01   2.9998863e+01
   3.0000807e+01   2.9999193e+01
   3.0000502e+01   2.9999498e+01
   3.0000235e+01   2.9999765e+01
   3.0000013e+01   2.9999987e+01
   2.9869529e+01   3.0130471e+01
   2.8087088e+01   3.1912912e+01
   2.7750000e+01   3.2250000e+01
   2.7750000e+01   3.2250000e+01
   2.7750000e+01   3.2250000e+01
   2.7750000e+01   3.2250000e+01
   2.7750000e+01   3.2250000e+01
   2.7750000e+01   3.2250000e+01
   2.7750000e+01   3.2250000e+01
   2.7750000e+01   3.2250000e+01
   2.7750000e+01   3.2250000e+01
   2.7750000e+01   3.2250000e+01
   2.7750000e+01   3.2250000e+01
   2.7750000e+01   3.2250000e+01
   2.7750000e+01   3.2250000e+01
   2.7750000e+01   3.2250000e+01
   2.7750000e+01   3.2250000e+01
   2.7750000e+01   3.2250000e+01
   2.7750000e+01   3.2250000e+01
   2.7750000e+01   3.2250000e+01
   2.7750000e+01   3.2250000e+01
   2.7910798e+01   3.2089202e+01
   2.8966613e+01   3.1033387e+01
   2.9861974e+01   3.0138026e+01
   3.0602409e+01   2.9397591e+01
   3.1194170e+01   2.8805830e+01
   3.1638441e+01   2.8361559e+01
   3.1933658e+01   2.8066342e+01
   3.2081382e+01   2.7918618e+01
   3.2091216e+01   2.7908784e+01
   3.1982141e+01   2.8017859e+01
   3.1780446e+01   2.8219554e+01
   3.1515861e+01   2.8484139e+01
   3.1217623e+01   2.8782377e+01
   3.0911516e+01   2.9088484e+01
   3.0618233e+01   2.9381767e+01
   3.0352913e+01   2.9647087e+01
   3.0125431e+01   2.9874569e+01
   2.9941083e+01   3.0058917e+01
   2.9801387e+01   3.0198613e+01
   2.9704867e+01   3.0295133e+01
   2.9647802e+01   3.0352198e+01
   2.9624919e+01   3.0375081e+01
   2.9630029e+01   3.0369971e+01
   2.9656594e+01   3.0343406e+01
   2.9698205e+01   3.0301795e+01
   2.9748951e+01   3.0251049e+01
   2.9803677e+01   3.0196323e+01
   2.9858138e+01   3.0141862e+01
   2.9909059e+01   3.0090941e+01
   2.9954117e+01   3.0045883e+01
   2.9991870e+01   3.0008130e+01
   3.0021648e+01   2.9978352e+01
   3.0043417e+01   2.9956583e+01
   3.0057643e+01   2.9942357e+01
   3.0065147e+01   2.9934853e+01
   3.0096819e+01   2.9903181e+01
   3.0207794e+01   2.9792206e+01
   3.0281174e+01   2.9718826e+01
   3.0320871e+01   2.9679129e+01
   3.0332003e+01   2.9667997e+01
   3.0320305e+01   2.9679695e+01
   3.0291634e+01   2.9708366e+01
   3.0251549e+01   2.9748451e+01
   3.0205062e+01   2.9794938e+01
   3.0156455e+01   2.9843545e+01
   3.0109180e+01   2.9890820e+01
   3.0065833e+01   2.9934167e+01
   3.0028186e+01   2.9971814e+01
   2.9997264e+01   3.0002736e+01
   2.9973450e+01   3.0026550e+01
   2.9956606e+01   3.0043394e+01
   2.9946199e+01   3.0053801e+01
   2.9941422e+01   3.0058578e+01
   2.9941302e+01   3.0058698e+01
   2.9944803e+01   3.0055197e+01
   2.9950898e+01   3.0049102e+01
   2.9762337e+01   3.0237663e+01
   2.9503719e+01   3.0496281e+01
   2.9333099e+01   3.0666901e+01
   2.9241628e+01   3.0758372e+01
   2.9217252e+01   3.0782748e+01
   2.9246397e+01   3.0753603e+01
   2.9315132e+01   3.0684868e+01
   2.9410294e+01   3.0589706e+01
   2.9520204e+01   3.0479796e+01
   2.9634831e+01   3.0365169e+01
   2.9746089e+01   3.0253911e+01
   2.9847917e+01   3.0152083e+01
   2.9936202e+01   3.0063798e+01
   3.0008585e+01   2.9991415e+01
   3.0064211e+01   2.9935789e+01
   3.0103436e+01   2.9896564e+01
   3.0127537e+01   2.9872463e+01
   3.0138431e+01   2.9861569e+01
   3.0138409e+01   2.9861591e+01
   3.0129922e+01   2.9870078e+01
   3.0115387e+01   2.9884613e+01
   3.0097050e+01   2.9902950e+01
   3.0076888e+01   2.9923112e+01
   3.0056544e+01   2.9943456e+01
   3.0037306e+01   2.9962694e+01
   3.0020102e+01   2.9979898e+01
   3.0005530e+01   2.9994470e+01
   2.9993890e+01   3.0006110e+01
   2.9985237e+01   3.0014763e+01
   2.9979431e+01   3.0020569e+01
   2.9976187e+01   3.0023813e+01
   2.9975129e+01   3.0024871e+01
   2.9975832e+01   3.0024168e+01
   2.9977856e+01   3.0022144e+01
   2.9980782e+01   3.0019218e+01
   2.9984227e+01   3.0015773e+01
   2.9987865e+01   3.0012135e+01
   2.9991429e+01   3.0008571e+01
   2.9994718e+01   3.0005282e+01
   2.9997592e+01   3.0002408e+01
   2.9999968e+01   3.0000032e+01
   3.0001812e+01   2.9998188e+01
   3.0003132e+01   2.9996868e+01
   3.0003964e+01   2.9996036e+01
   3.0004366e+01   2.9995634e+01
   3.0004411e+01   2.9995589e+01
   3.0004175e+01   2.9995825e+01
   3.0477163e+01   2.9522837e+01
   3.0863462e+01   2.9136538e+01
   3.1111457e+01   2.8888543e+01
   3.1235398e+01   2.8764602e+01
   3.1256107e+01   2.8743893e+01
   3.1192934e+01   2.8807066e+01
   3.1071868e+01   2.8928132e+01
   3.0912548e+01   2.9087452e+01
   3.0733073e+01   2.9266927e+01
   3.0548949e+01   2.9451051e+01
   3.0372531e+01   2.9627469e+01
   3.0212904e+01   2.9787096e+01
   3.0076051e+01   2.9923949e+01
   2.9965209e+01   3.0034791e+01
   2.9881308e+01   3.0118692e+01
   2.9823435e+01   3.0176565e+01
   2.9789303e+01   3.0210697e+01
   2.9775693e+01   3.0224307e+01
   2.9778848e+01   3.0221152e+01
   2.9794824e+01   3.0205176e+01
   2.9819773e+01   3.0180227e+01
   2.9850154e+01   3.0149846e+01
   2.9882890e+01   3.0117110e+01
   2.9915448e+01   3.0084552e+01
   2.9945873e+01   3.0054127e+01
   2.9972782e+01   3.0027218e+01
   2.9995317e+01   3.0004683e+01
   3.0013080e+01   2.9986920e+01
   3.0026055e+01   2.9973945e+01
   3.0034523e+01   2.9965477e+01
   3.0038976e+01   2.9961024e+01
   3.0040043e+01   2.9959957e+01
   3.0038420e+01   2.9961580e+01
   3.0034808e+01   2.9965192e+01
   2.9777566e+01   3.0222434e+01
   2.8878324e+01   3.1121676e+01
   2.8227672e+01   3.1772328e+01
   2.7828005e+01   3.2171995e+01
   2.7750000e+01   3.2250000e+01
   2.7750000e+01   3.2250000e+01
   2.7771696e+01   3.2228304e+01
   2.8028784e+01   3.1971216e+01
   2.8348329e+01   3.1651671e+01
   2.8697748e+01   3.1302252e+01
   2.9048795e+01   3.0951205e+01
   2.9379350e+01   3.0620650e+01
   2.9673760e+01   3.0326240e+01
   2.9922292e+01   3.0077708e+01
   3.0120231e+01   2.9879769e+01
   3.0266916e+01   2.9733084e+01
   3.0364842e+01   2.9635158e+01
   3.0418847e+01   2.9581153e+01
   3.0435343e+01   2.9564657e+01
   3.0421619e+01   2.9578381e+01
   3.0385220e+01   2.9614780e+01
   3.0333422e+01   2.9666578e+01
   3.0272838e+01   2.9727162e+01
   3.0209148e+01   2.9790852e+01
   3.0146949e+01   2.9853051e+01
   3.0089716e+01   2.9910284e+01
   3.0039838e+01   2.9960162e+01
   2.9998716e+01   3.0001284e+01
   2.9966901e+01   3.0033099e+01
   2.9944252e+01   3.0055748e+01
   2.9930098e+01   3.0069902e+01
   2.9923399e+01   3.0076601e+01
   2.9922892e+01   3.0077108e+01
   2.9927220e+01   3.0072780e+01
   2.9935032e+01   3.0064968e+01
   2.9945067e+01   3.0054933e+01
   2.9956214e+01   3.0043786e+01
   2.9967538e+01   3.0032462e+01
   2.9978308e+01   3.0021692e+01
   2.9987988e+01   3.0012012e+01
   2.9996231e+01   3.0003769e+01
   3.0002854e+01   2.9997146e+01
   3.0007815e+01   2.9992185e+01
   3.0011185e+01   2.9988815e+01
   3.0013113e+01   2.9986887e+01
   3.0013805e+01   2.9986195e+01
   3.0013497e+01   2.9986503e+01
   3.0012431e+01   2.9987569e+01
   3.0010844e+01   2.9989156e+01
   3.0008949e+01   2.9991051e+01
   3.0006932e+01   2.9993068e+01
   3.0004943e+01   2.9995057e+01
   3.0003098e+01   2.9996902e+01
   3.0001477e+01   2.9998523e+01
   3.0000130e+01   2.9999870e+01
   2.9999077e+01   3.0000923e+01
   2.9998317e+01   3.0001683e+01
   2.9997831e+01   3.0002169e+01
   2.9997587e+01   3.0002413e+01
   2.9997545e+01   3.0002455e+01
   2.9997663e+01   3.0002337e+01
   3.0500333e+01   2.9499667e+01
   3.1553893e+01   2.8446107e+01
   3.2250000e+01   2.7750000e+01
   3.2250000e+01   2.7750000e+01
   3.2250000e+01   2.7750000e+01
   3.2250000e+01   2.7750000e+01
   3.2250000e+01   2.7750000e+01
   3.2250000e+01   2.7750000e+01
   3.2250000e+01   2.7750000e+01
   3.2250000e+01   2.7750000e+01
   3.1998515e+01   2.8001485e+01
   3.1423843e+01   2.8576157e+01
   3.0890778e+01   2.9109222e+01
   3.0422429e+01   2.9577571e+01
   3.0031982e+01   2.9968018e+01
   2.9724952e+01   3.0275048e+01
   2.9501065e+01   3.0498935e+01
   2.9355609e+01   3.0644391e+01
   2.9280485e+01   3.0719515e+01
   2.9265173e+01   3.0734827e+01
   2.9297726e+01   3.0702274e+01
   2.9365751e+01   3.0634249e+01
   2.9457288e+01   3.0542712e+01
   2.9561512e+01   3.0438488e+01
   2.9669197e+01   3.0330803e+01
   2.9772965e+01   3.0227035e+01
   2.9867339e+01   3.0132661e+01
   2.9948654e+01   3.0051346e+01
   3.0014868e+01   2.9985132e+01
   3.0065322e+01   2.9934678e+01
   3.0100465e+01   2.9899535e+01
   3.0121580e+01   2.9878420e+01
   3.0829431e+01   2.9170569e+01
   3.1352054e+01   2.8647946e+01
   3.1677431e+01   2.8322569e+01
   3.1825730e+01   2.8174270e+01
   3.1828148e+01   2.8171852e+01
   3.1715265e+01   2.8284735e+01
   3.1525010e+01   2.8474990e+01
   3.1284439e+01   2.8715561e+01
   3.1019035e+01   2.8980965e+01
   3.0750662e+01   2.9249338e+01
   3.0496537e+01   2.9503463e+01
   3.0269037e+01   2.9730963e+01
   3.0076039e+01   2.9923961e+01
   2.9921524e+01   3.0078476e+01
   2.9806266e+01   3.0193734e+01
   2.9728516e+01   3.0271484e+01
   2.9684662e+01   3.0315338e+01
   2.9669842e+01   3.0330158e+01
   2.9678498e+01   3.0321502e+01
   2.9704868e+01   3.0295132e+01
   2.9743379e+01   3.0256621e+01
   2.9788957e+01   3.0211043e+01
   2.9837225e+01   3.0162775e+01
   2.9884624e+01   3.0115376e+01
   2.9928446e+01   3.0071554e+01
   2.9966812e+01   3.0033188e+01
   2.9998598e+01   3.0001402e+01
   3.0023335e+01   2.9976665e+01
   3.0041091e+01   2.9958909e+01
   3.0052347e+01   2.9947653e+01
   3.0057872e+01   2.9942128e+01
   3.0058614e+01   2.9941386e+01
   3.0055601e+01   2.9944399e+01
   3.0049861e+01   2.9950139e+01
   3.0042356e+01   2.9957644e+01
   3.0033943e+01   2.9966057e+01
   3.0025340e+01   2.9974660e+01
   3.0017117e+01   2.9982883e+01
   3.0009693e+01   2.9990307e+01
   3.0003341e+01   2.9996659e+01
   2.9998211e+01   3.0001789e+01
   2.9994342e+01   3.0005658e+01
   2.9991688e+01   3.0008312e+01
   2.9990138e+01   3.0009862e+01
   2.9989541e+01   3.0010459e+01
   2.9989717e+01   3.0010283e+01
   2.9990484e+01   3.0009516e+01
   2.9991661e+01   3.0008339e+01
   2.9993085e+01   3.0006915e+01
   2.9994612e+01   3.0005388e+01
   2.9996126e+01   3.0003874e+01
   2.9997538e+01   3.0002462e+01
   2.9998783e+01   3.0001217e+01
   2.9999823e+01   3.0000177e+01
   3.0000641e+01   2.9999359e+01
   3.0001236e+01   2.9998764e+01
   3.0001621e+01   2.9998379e+01
   3.0001821e+01   2.9998179e+01
   3.0001865e+01   2.9998135e+01
   3.0001784e+01   2.9998216e+01
   3.0001613e+01   2.9998387e+01
   3.0001381e+01   2.9998619e+01
   3.0233539e+01   2.9766461e+01
   3.0807839e+01   2.9192161e+01
   3.1209174e+01   2.8790826e+01
   3.1447069e+01   2.8552931e+01
   3.1541873e+01   2.8458127e+01
   3.1520196e+01   2.8479804e+01
   3.1408657e+01   2.8591343e+01
   3.1236914e+01   2.8763086e+01
   3.1028073e+01   2.8971927e+01
   3.0803043e+01   2.9196957e+01
   3.0579289e+01   2.9420711e+01
   3.0370284e+01   2.9629716e+01
   3.0185507e+01   2.9814493e+01
   3.0030782e+01   2.9969218e+01
   2.9908787e+01   3.0091213e+01
   2.9819623e+01   3.0180377e+01
   2.9761390e+01   3.0238610e+01
   2.9730741e+01   3.0269259e+01
   2.9723396e+01   3.0276604e+01
   2.9734604e+01   3.0265396e+01
   2.9759532e+01   3.0240468e+01
   2.9793584e+01   3.0206416e+01
   2.9832629e+01   3.0167371e+01
   2.9873157e+01   3.0126843e+01
   2.9912353e+01   3.0087647e+01
   2.9948116e+01   3.0051884e+01
   2.9979027e+01   3.0020973e+01
   3.0004284e+01   2.9995716e+01
   3.0023609e+01   2.9976391e+01
   3.0037152e+01   2.9962848e+01
   3.0045380e+01   2.9954620e+01
   3.0048983e+01   2.9951017e+01
   3.0048779e+01   2.9951221e+01
   3.0045634e+01   2.9954366e+01
   3.0040401e+01   2.9959599e+01
   3.0033870e+01   2.9966130e+01
   3.0026731e+01   2.9973269e+01
   3.0019558e+01   2.9980442e+01
   3.0012798e+01   2.9987202e+01
   3.0006772e+01   2.9993228e+01
   3.0001684e+01   2.9998316e+01
   2.9997635e+01   3.0002365e+01
   2.9994640e+01   3.0005360e+01
   2.9992645e+01   3.0007355e+01
   2.9991549e+01   3.0008451e+01
   2.9991216e+01   3.0008784e+01
   2.9991496e+01   3.0008504e+01
   2.9992233e+01   3.0007767e+01
   2.9993281e+01   3.0006719e+01
   2.9994504e+01   3.0005496e+01
   2.9995790e+01   3.0004210e+01
   2.9997044e+01   3.0002956e+01
   2.9998198e+01   3.0001802e+01
   2.9999204e+01   3.0000796e+01
   3.0000032e+01   2.9999968e+01
   3.0000672e+01   2.9999328e+01
   3.0001128e+01   2.9998872e+01
   3.0001412e+01   2.9998588e+01
   3.0001546e+01   2.9998454e+01
   3.0001555e+01   2.9998445e+01
   3.0001467e+01   2.9998533e+01
   3.0001309e+01   2.9998691e+01
   3.0001106e+01   2.9998894e+01
   3.0000881e+01   2.9999119e+01
   3.0000653e+01   2.9999347e+01
   3.0076450e+01   2.9923550e+01
   3.2010446e+01   2.7989554e+01
   3.2250000e+01   2.7750000e+01
   3.2250000e+01   2.7750000e+01
   3.2250000e+01   2.7750000e+01
   3.2250000e+01   2.7750000e+01
   3.2250000e+01   2.7750000e+01
   3.2250000e+01   2.7750000e+01
   3.2250000e+01   2.7750000e+01
   3.2250000e+01   2.7750000e+01
   3.2250000e+01   2.7750000e+01
   3.2250000e+01   2.7750000e+01
   3.2250000e+01   2.7750000e+01
   3.2250000e+01   2.7750000e+01
   3.2250000e+01   2.7750000e+01
   3.2250000e+01   2.7750000e+01
   3.2250000e+01   2.7750000e+01
   3.2250000e+01   2.7750000e+01
   3.2250000e+01   2.7750000e+01
   3.2250000e+01   2.7750000e+01
   3.2250000e+01   2.7750000e+01
   3.2250000e+01   2.7750000e+01
   3.2250000e+01   2.7750000e+01
   3.2250000e+01   2.7750000e+01
   2.7750000e+01   3.2250000e+01
   2.7750000e+01   3.2250000e+01
   2.7750000e+01   3.2250000e+01
   2.7750000e+01   3.2250000e+01
   2.7750000e+01   3.2250000e+01
   2.7750000e+01   3.2250000e+01
   2.7750000e+01   3.2250000e+01
   2.7750000e+01   3.2250000e+01
   2.7750000e+01   3.2250000e+01
   2.7750000e+01   3.2250000e+01
   2.7750000e+01   3.2250000e+01
   2.7750000e+01   3.2250000e+01
   2.7750000e+01   3.2250000e+01
   2.7750000e+01   3.2250000e+01
   2.7750000e+01   3.2250000e+01
   2.7750000e+01   3.2250000e+01
   2.7750000e+01   3.2250000e+01
   2.7750000e+01   3.2250000e+01
   2.7750000e+01   3.2250000e+01
   2.7750000e+01   3.2250000e+01
   2.7750000e+01   3.2250000e+01
   2.7750000e+01   3.2250000e+01
   2.7750000e+01   3.2250000e+01
   2.7750000e+01   3.2250000e+01
   2.7750000e+01   3.2250000e+01
   2.7750000e+01   3.2250000e+01
   2.7750000e+01   3.2250000e+01
   2.7750000e+01   3.2250000e+01
   2.7750000e+01   3.2250000e+01
   2.7750000e+01   3.2250000e+01
   2.7750000e+01   3.2250000e+01
   2.7750000e+01   3.2250000e+01
   2.7750000e+01   3.2250000e+01
   2.7750000e+01   3.2250000e+01
   2.7750000e+01   3.2250000e+01
   2.7750000e+01   3.2250000e+01
   2.7750000e+01   3.2250000e+01
   2.7750000e+01   3.2250000e+01
   2.7750000e+01   3.2250000e+01
   2.7750000e+01   3.2250000e+01
   2.8320814e+01   3.1679186e+01
   2.8996816e+01   3.1003184e+01
   2.9522070e+01   3.0477930e+01
   2.9939904e+01   3.0060096e+01
   3.0286435e+01   2.9713565e+01
   3.0590641e+01   2.9409359e+01
   3.0875692e+01   2.9124308e+01
   3.1160146e+01   2.8839854e+01
   3.1458319e+01   2.8541681e+01
   3.1779286e+01   2.8220714e+01
   3.2124045e+01   2.7875955e+01
   3.2250000e+01   2.7750000e+01
   3.2250000e+01   2.7750000e+01
   3.2250000e+01   2.7750000e+01
   3.2250000e+01   2.7750000e+01
   3.2250000e+01   2.7750000e+01
   3.2250000e+01   2.7750000e+01
   3.2250000e+01   2.7750000e+01
   3.2250000e+01   2.7750000e+01
   3.2250000e+01   2.7750000e+01
   3.2250000e+01   2.7750000e+01
   3.2250000e+01   2.7750000e+01
   3.2250000e+01   2.7750000e+01
   3.2250000e+01   2.7750000e+01
   3.2250000e+01   2.7750000e+01
   3.1424405e+01   2.8575595e+01
   3.0695527e+01   2.9304473e+01
   3.0082842e+01   2.9917158e+01
   2.9593602e+01   3.0406398e+01
   2.9228008e+01   3.0771992e+01
   2.8981274e+01   3.1018726e+01
   2.8844169e+01   3.1155831e+01
   2.8803344e+01   3.1196656e+01
   2.8842139e+01   3.1157861e+01
   2.8941949e+01   3.1058051e+01
   2.9083822e+01   3.0916178e+01
   2.9827635e+01   3.0172365e+01
   3.0758268e+01   2.9241732e+01
   3.1458753e+01   2.8541247e+01
   3.1918505e+01   2.8081495e+01
   3.2192746e+01   2.7807254e+01
   3.2193569e+01   2.7806431e+01
   3.2072379e+01   2.7927621e+01
   3.1856098e+01   2.8143902e+01
   3.1575573e+01   2.8424427e+01
   3.1261254e+01   2.8738746e+01
   3.0939971e+01   2.9060029e+01
   3.0633174e+01   2.9366826e+01
   3.0356451e+01   2.9643549e+01
   3.0119882e+01   2.9880118e+01
   2.9928780e+01   3.0071220e+01
   2.9784540e+01   3.0215460e+01
   2.9685475e+01   3.0314525e+01
   2.9627583e+01   3.0372417e+01
   2.9605271e+01   3.0394729e+01
   2.9612013e+01   3.0387987e+01
   2.9640943e+01   3.0359057e+01
   2.9685344e+01   3.0314656e+01
   2.9739042e+01   3.0260958e+01
   2.9796664e+01   3.0203336e+01
   2.9853800e+01   3.0146200e+01
   2.9907062e+01   3.0092938e+01
   2.9954057e+01   3.0045943e+01
   2.9993316e+01   3.0006684e+01
   3.0024174e+01   2.9975826e+01
   3.0046626e+01   2.9953374e+01
   3.0061186e+01   2.9938814e+01
   3.0068732e+01   2.9931268e+01
   3.0070377e+01   2.9929623e+01
   3.0067345e+01   2.9932655e+01
   3.0060871e+01   2.9939129e+01
   3.0052123e+01   2.9947877e+01
   3.0042147e+01   2.9957853e+01
   3.0031831e+01   2.9968169e+01
   3.0021882e+01   2.9978118e+01
   3.0012826e+01   2.9987174e+01
   3.0005018e+01   2.9994982e+01
   2.9998656e+01   3.0001344e+01
   2.9993804e+01   3.0006196e+01
   2.9990421e+01   3.0009579e+01
   2.9988384e+01   3.0011616e+01
   2.9987515e+01   3.0012485e+01
   2.9987605e+01   3.0012395e+01
   2.9988435e+01   3.0011565e+01
   2.9989786e+01   3.0010214e+01
   2.9991459e+01   3.0008541e+01
   2.9993279e+01   3.0006721e+01
   2.9995103e+01   3.0004897e+01
   2.9996816e+01   3.0003184e+01
   2.9998340e+01   3.0001660e+01
   2.9999624e+01   3.0000376e+01
   3.0000642e+01   2.9999358e+01
   3.0001393e+01   2.9998607e+01
   3.0247486e+01   2.9752514e+01
   3.0607389e+01   2.9392611e+01
   3.0850560e+01   2.9149440e+01
   3.0987103e+01   2.9012897e+01
   3.1032225e+01   2.8967775e+01
   3.1003689e+01   2.8996311e+01
   3.0919847e+01   2.9080153e+01
   3.0798728e+01   2.9201272e+01
   3.0655897e+01   2.9344103e+01
   3.0504936e+01   2.9495064e+01
   3.0356932e+01   2.9643068e+01
   3.0220297e+01   2.9779703e+01
   3.0100839e+01   2.9899161e+01
   3.0002000e+01   2.9998000e+01
   2.9925190e+01   3.0074810e+01
   2.9870161e+01   3.0129839e+01
   2.9835399e+01   3.0164601e+01
   2.9818491e+01   3.0181509e+01
   2.9816476e+01   3.0183524e+01
   2.9826142e+01   3.0173858e+01
   2.9844279e+01   3.0155721e+01
   2.9867878e+01   3.0132122e+01
   2.9894269e+01   3.0105731e+01
   2.9921208e+01   3.0078792e+01
   2.9946924e+01   3.0053076e+01
   2.9970117e+01   3.0029883e+01
   2.9856961e+01   3.0143039e+01
   2.8922025e+01   3.1077975e+01
   2.8237639e+01   3.1762361e+01
   2.7809713e+01   3.2190287e+01
   2.7750000e+01   3.2250000e+01
   2.7750000e+01   3.2250000e+01
   2.7750000e+01   3.2250000e+01
   2.7921282e+01   3.2078718e+01
   2.8246945e+01   3.1753055e+01
   2.8607344e+01   3.1392656e+01
   2.8972520e+01   3.1027480e+01
   2.9318734e+01   3.0681266e+01
   2.9628993e+01   3.0371007e+01
   2.9892558e+01   3.0107442e+01
   3.0104005e+01   2.9895995e+01
   3.0262218e+01   2.9737782e+01
   3.0369443e+01   2.9630557e+01
   3.0430442e+01   2.9569558e+01
   3.0451701e+01   2.9548299e+01
   3.0440699e+01   2.9559301e+01
   3.0405257e+01   2.9594743e+01
   3.0352981e+01   2.9647019e+01
   3.0290829e+01   2.9709171e+01
   3.0224821e+01   2.9775179e+01
   3.0159865e+01   2.9840135e+01
   3.0099703e+01   2.9900297e+01
   3.0046942e+01   2.9953058e+01
   3.0003149e+01   2.9996851e+01
   2.9968991e+01   3.0031009e+01
   2.9944397e+01   3.0055603e+01
   2.9928724e+01   3.0071276e+01
   2.9920932e+01   3.0079068e+01
   2.9919729e+01   3.0080271e+01
   2.9923709e+01   3.0076291e+01
   2.9931467e+01   3.0068533e+01
   2.9941679e+01   3.0058321e+01
   2.9953169e+01   3.0046831e+01
   2.9964947e+01   3.0035053e+01
   2.9976227e+01   3.0023773e+01
   2.9986430e+01   3.0013570e+01
   2.9995174e+01   3.0004826e+01
   3.0002250e+01   2.9997750e+01
   3.0007600e+01   2.9992400e+01
   3.0011284e+01   2.9988716e+01
   3.0013449e+01   2.9986551e+01
   3.0014306e+01   2.9985694e+01
   3.0014094e+01   2.9985906e+01
   2.9922721e+01   3.0077279e+01
   2.8726091e+01   3.1273909e+01
   2.7819639e+01   3.2180361e+01
   2.7750000e+01   3.2250000e+01
   2.7750000e+01   3.2250000e+01
   2.7750000e+01   3.2250000e+01
   2.7750000e+01   3.2250000e+01
   2.7750000e+01   3.2250000e+01
   2.7750000e+01   3.2250000e+01
   2.7750000e+01   3.2250000e+01
   2.7750000e+01   3.2250000e+01
   2.7902635e+01   3.2097365e+01
   2.8539493e+01   3.1460507e+01
   2.9123025e+01   3.0876975e+01
   2.9630066e+01   3.0369934e+01
   3.0048209e+01   2.9951791e+01
   3.0372993e+01   2.9627007e+01
   3.0605812e+01   2.9394188e+01
   3.0752568e+01   2.9247432e+01
   3.0822675e+01   2.9177325e+01
   3.0828099e+01   2.9171901e+01
   3.0782298e+01   2.9217702e+01
   3.0699132e+01   2.9300868e+01
   3.0591875e+01   2.9408125e+01
   3.0472443e+01   2.9527557e+01
   3.0350882e+01   2.9649118e+01
   3.0235123e+01   2.9764877e+01
   3.0130953e+01   2.9869047e+01
   3.0042143e+01   2.9957857e+01
   2.9970673e+01   3.0029327e+01
   2.9917022e+01   3.0082978e+01
   2.9880474e+01   3.0119526e+01
   2.9930456e+01   3.0069544e+01
   3.0007993e+01   2.9992007e+01
   3.0067661e+01   2.9932339e+01
   3.0109805e+01   2.9890195e+01
   3.0135839e+01   2.9864161e+01
   3.0147613e+01   2.9852387e+01
   3.0147715e+01   2.9852285e+01
   3.0138754e+01   2.9861246e+01
   3.0123310e+01   2.9876690e+01
   3.0103784e+01   2.9896216e+01
   3.0082287e+01   2.9917713e+01
   3.0060578e+01   2.9939422e+01
   3.0040034e+01   2.9959966e+01
   3.0021650e+01   2.9978350e+01
   3.0006068e+01   2.9993932e+01
   2.9993612e+01   3.0006388e+01
   2.9984344e+01   3.0015656e+01
   2.9978114e+01   3.0021886e+01
   2.9974623e+01   3.0025377e+01
   2.9973469e+01   3.0026531e+01
   2.9974199e+01   3.0025801e+01
   2.9976344e+01   3.0023656e+01
   2.9979456e+01   3.0020544e+01
   2.9983127e+01   3.0016873e+01
   2.9987008e+01   3.0012992e+01
   2.9990812e+01   3.0009188e+01
   2.9994325e+01   3.0005675e+01
   2.9997397e+01   3.0002603e+01
   2.9999938e+01   3.0000062e+01
   3.0001913e+01   2.9998087e+01
   3.0003328e+01   2.9996672e+01
   3.0004221e+01   2.9995779e+01
   3.0004655e+01   2.9995345e+01
   3.0004707e+01   2.9995293e+01
   3.0004459e+01   2.9995541e+01
   3.0003993e+01   2.9996007e+01
   3.0003388e+01   2.9996612e+01
   3.0002711e+01   2.9997289e+01
   3.0002020e+01   2.9997980e+01
   3.0001361e+01   2.9998639e+01
   3.0000766e+01   2.9999234e+01
   3.0000258e+01   2.9999742e+01
   2.9999848e+01   3.0000152e+01
   2.9999539e+01   3.0000461e+01
   2.9999328e+01   3.0000672e+01
   2.9999206e+01   3.0000794e+01
   2.9999159e+01   3.0000841e+01
   2.9999175e+01   3.0000825e+01
   2.9999237e+01   3.0000763e+01
   2.9999333e+01   3.0000667e+01
   2.9999447e+01   3.0000553e+01
   2.9999570e+01   3.0000430e+01
   2.9999692e+01   3.0000308e+01
   2.9999805e+01   3.0000195e+01
   2.9999904e+01   3.0000096e+01
   3.0275492e+01   2.9724508e+01
   3.0876327e+01   2.9123673e+01
   3.1294776e+01   2.8705224e+01
   3.1540668e+01   2.8459332e+01
   3.1635704e+01   2.8364296e+01
   3.1608203e+01   2.8391797e+01
   3.1486698e+01   2.8513302e+01
   3.1302564e+01   2.8697436e+01
   3.1080085e+01   2.8919915e+01
   3.0841269e+01   2.9158731e+01
   3.0604473e+01   2.9395527e+01
   3.0383810e+01   2.9616190e+01
   3.0189159e+01   2.9810841e+01
   3.0026536e+01   2.9973464e+01
   2.9898651e+01   3.0101349e+01
   2.9805512e+01   3.0194488e+01
   2.9745038e+01   3.0254962e+01
   2.9713634e+01   3.0286366e+01
   2.9706742e+01   3.0293258e+01
   2.9719315e+01   3.0280685e+01
   2.9746236e+01   3.0253764e+01
   2.9782647e+01   3.0217353e+01
   2.9824192e+01   3.0175808e+01
   2.9867175e+01   3.0132825e+01
   2.9908641e+01   3.0091359e+01
   2.9946392e+01   3.0053608e+01
   2.9978951e+01   3.0021049e+01
   3.0005490e+01   2.9994510e+01
   3.0025736e+01   2.9974264e+01
   3.0039862e+01   2.9960138e+01
   3.0048377e+01   2.9951623e+01
   3.0052020e+01   2.9947980e+01
   3.0051660e+01   2.9948340e+01
   3.0048218e+01   2.9951782e+01
   3.0042597e+01   2.9957403e+01
   3.0035630e+01   2.9964370e+01
   3.0028045e+01   2.9971955e+01
   3.0020446e+01   2.9979554e+01
   3.0013301e+01   2.9986699e+01
   3.0006946e+01   2.9993054e+01
   3.0001592e+01   2.9998408e+01
   2.9997343e+01   3.0002657e+01
   2.9994210e+01   3.0005790e+01
   2.9992135e+01   3.0007865e+01
   2.9991007e+01   3.0008993e+01
   2.9990683e+01   3.0009317e+01
   2.9991002e+01   3.0008998e+01
   2.9991801e+01   3.0008199e+01
   2.9992922e+01   3.0007078e+01
   2.9994225e+01   3.0005775e+01
   2.9995589e+01   3.0004411e+01
   2.9996917e+01   3.0003083e+01
   2.9998135e+01   3.0001865e+01
   2.9999194e+01   3.0000806e+01
   3.0000065e+01   2.9999935e+01
   3.0000736e+01   2.9999264e+01
   3.0852047e+01   2.9147953e+01
   3.1522330e+01   2.8477670e+01
   3.1955195e+01   2.8044805e+01
   3.2168944e+01   2.7831056e+01
   3.2202016e+01   2.7797984e+01
   3.2082623e+01   2.7917377e+01
   3.1867265e+01   2.8132735e+01
   3.1586825e+01   2.8413175e+01
   3.1271888e+01   2.8728112e+01
   3.0949468e+01   2.9050532e+01
   3.0641202e+01   2.9358798e+01
   3.0362850e+01   2.9637150e+01
   3.0124627e+01   2.9875373e+01
   2.9931952e+01   3.0068048e+01
   2.9786295e+01   3.0213705e+01
   2.9686019e+01   3.0313981e+01
   2.9627149e+01   3.0372851e+01
   2.9604101e+01   3.0395899e+01
   2.9610341e+01   3.0389659e+01
   2.9638981e+01   3.0361019e+01
   2.9683279e+01   3.0316721e+01
   2.9737021e+01   3.0262979e+01
   2.9794802e+01   3.0205198e+01
   2.9852176e+01   3.0147824e+01
   2.9905721e+01   3.0094279e+01
   2.9953018e+01   3.0046982e+01
   2.9992575e+01   3.0007425e+01
   3.0023709e+01   2.9976291e+01
   3.0046404e+01   2.9953596e+01
   3.0061165e+01   2.9938835e+01
   3.0068870e+01   2.9931130e+01
   3.0070629e+01   2.9929371e+01
   3.0067670e+01   2.9932330e+01
   3.0061232e+01   2.9938768e+01
   3.0088043e+01   2.9911957e+01
   3.0285583e+01   2.9714417e+01
   3.0421512e+01   2.9578488e+01
   3.0501154e+01   2.9498846e+01
   3.0532199e+01   2.9467801e+01
   3.0523669e+01   2.9476331e+01
   3.0484969e+01   2.9515031e+01
   3.0425306e+01   2.9574694e+01
   3.0353001e+01   2.9646999e+01
   3.0275310e+01   2.9724690e+01
   3.0198201e+01   2.9801799e+01
   3.0126267e+01   2.9873733e+01
   3.0062750e+01   2.9937250e+01
   3.0009647e+01   2.9990353e+01
   2.9967870e+01   3.0032130e+01
   2.9937432e+01   3.0062568e+01
   2.9917653e+01   3.0082347e+01
   2.9907352e+01   3.0092648e+01
   2.9905034e+01   3.0094966e+01
   2.9909048e+01   3.0090952e+01
   2.9917730e+01   3.0082270e+01
   2.9929499e+01   3.0070501e+01
   2.9942943e+01   3.0057057e+01
   2.9956862e+01   3.0043138e+01
   2.9970298e+01   3.0029702e+01
   2.9982535e+01   3.0017465e+01
   2.9993095e+01   3.0006905e+01
   3.0001707e+01   2.9998293e+01
   3.0008282e+01   2.9991718e+01
   3.0012873e+01   2.9987127e+01
   3.0015645e+01   2.9984355e+01
   3.0016838e+01   2.9983162e+01
   3.0016731e+01   2.9983269e+01
   3.0015625e+01   2.9984375e+01
   3.0013810e+01   2.9986190e+01
   3.0011557e+01   2.9988443e+01
   3.0009102e+01   2.9990898e+01
   3.0006641e+01   2.9993359e+01
   3.0004326e+01   2.9995674e+01
   3.0002266e+01   2.9997734e+01
   3.0000529e+01   2.9999471e+01
   2.9999150e+01   3.0000850e+01
   2.9998133e+01   3.0001867e+01
   2.9997458e+01   3.0002542e+01
   2.9997090e+01   3.0002910e+01
   2.9996984e+01   3.0003016e+01
   2.9997085e+01   3.0002915e+01
   2.9997343e+01   3.0002657e+01
   2.9997705e+01   3.0002295e+01
   2.9998126e+01   3.0001874e+01
   2.9998568e+01   3.0001432e+01
   2.9998998e+01   3.0001002e+01
   2.9999393e+01   3.0000607e+01
   2.9999736e+01   3.0000264e+01
   3.0000019e+01   2.9999981e+01
   3.0000237e+01   2.9999763e+01
   3.0000391e+01   2.9999609e+01
   3.0000487e+01   2.9999513e+01
   3.0000532e+01   2.9999468e+01
   3.0000534e+01   2.9999466e+01
   3.0000502e+01   2.9999498e+01
   3.0000448e+01   2.9999552e+01
   3.0000378e+01   2.9999622e+01
   3.0000300e+01   2.9999700e+01
   3.0000222e+01   2.9999778e+01
   3.0000147e+01   2.9999853e+01
   3.0000081e+01   2.9999919e+01
   3.1063697e+01   2.8936303e+01
   3.2250000e+01   2.7750000e+01
   3.2250000e+01   2.7750000e+01
   3.2250000e+01   2.7750000e+01
   3.2250000e+01   2.7750000e+01
   3.2250000e+01   2.7750000e+01
   3.2250000e+01   2.7750000e+01
   3.2250000e+01   2.7750000e+01
   3.2250000e+01   2.7750000e+01
   3.2250000e+01   2.7750000e+01
   3.2250000e+01   2.7750000e+01
   3.2250000e+01   2.7750000e+01
   3.2250000e+01   2.7750000e+01
   3.2250000e+01   2.7750000e+01
   3.2250000e+01   2.7750000e+01
   3.2250000e+01   2.7750000e+01
   3.2250000e+01   2.7750000e+01
   3.2250000e+01   2.7750000e+01
   3.2250000e+01   2.7750000e+01
   3.2250000e+01   2.7750000e+01
   3.2250000e+01   2.7750000e+01
   3.2250000e+01   2.7750000e+01
   3.2250000e+01   2.7750000e+01
   3.2250000e+01   2.7750000e+01
   3.2250000e+01   2.7750000e+01
   3.2250000e+01   2.7750000e+01
   3.2250000e+01   2.7750000e+01
   3.2250000e+01   2.7750000e+01
   3.2250000e+01   2.7750000e+01
   3.2250000e+01   2.7750000e+01
   3.2250000e+01   2.7750000e+01
   3.2250000e+01   2.7750000e+01
   3.2250000e+01   2.7750000e+01
   3.2250000e+01   2.7750000e+01
   3.2250000e+01   2.7750000e+01
   3.2250000e+01   2.7750000e+01
   3.2250000e+01   2.7750000e+01
   3.2250000e+01   2.7750000e+01
   3.2250000e+01   2.7750000e+01
   3.2250000e+01   2.7750000e+01
   2.7750000e+01   3.2250000e+01
   2.7750000e+01   3.2250000e+01
   2.7750000e+01   3.2250000e+01
   2.7750000e+01   3.2250000e+01
   2.7750000e+01   3.2250000e+01
   2.7750000e+01   3.2250000e+01
   2.7750000e+01   3.2250000e+01
   2.7750000e+01   3.2250000e+01
   2.7750000e+01   3.2250000e+01
   2.7750000e+01   3.2250000e+01
   2.7750000e+01   3.2250000e+01
   2.7750000e+01   3.2250000e+01
   2.7750000e+01   3.2250000e+01
   2.7750000e+01   3.2250000e+01
   2.8595218e+01   3.1404782e+01
   2.9395839e+01   3.0604161e+01
   3.0062930e+01   2.9937070e+01
   3.0592142e+01   2.9407858e+01
   3.0984654e+01   2.9015346e+01
   3.1245568e+01   2.8754432e+01
   3.1384325e+01   2.8615675e+01
   3.1415164e+01   2.8584836e+01
   3.1356568e+01   2.8643432e+01
   3.1229709e+01   2.8770291e+01
   3.1056426e+01   2.8943574e+01
   3.0857317e+01   2.9142683e+01
   3.0650327e+01   2.9349673e+01
   3.0449955e+01   2.9550045e+01
   3.0267008e+01   2.9732992e+01
   3.0108755e+01   2.9891245e+01
   2.9979298e+01   3.0020702e+01
   2.9880069e+01   3.0119931e+01
   2.9810353e+01   3.0189647e+01
   2.9767809e+01   3.0232191e+01
   2.9748969e+01   3.0251031e+01
   2.9749691e+01   3.0250309e+01
   2.9765558e+01   3.0234442e+01
   2.9792212e+01   3.0207788e+01
   2.9825603e+01   3.0174397e+01
   2.9862176e+01   3.0137824e+01
   2.9898977e+01   3.0101023e+01
   2.9933702e+01   3.0066298e+01
   2.9964690e+01   3.0035310e+01
   2.9990885e+01   3.0009115e+01
   3.0011757e+01   2.9988243e+01
   3.0027224e+01   2.9972776e+01
   3.0037553e+01   2.9962447e+01
   3.0043265e+01   2.9956735e+01
   3.0045046e+01   2.9954954e+01
   3.0043669e+01   2.9956331e+01
   3.0039928e+01   2.9960072e+01
   3.0034582e+01   2.9965418e+01
   3.0028319e+01   2.9971681e+01
   3.0021728e+01   2.9978272e+01
   3.0015286e+01   2.9984714e+01
   3.0009355e+01   2.9990645e+01
   3.0004182e+01   2.9995818e+01
   2.9999915e+01   3.0000085e+01
   2.9996611e+01   3.0003389e+01
   2.9994256e+01   3.0005744e+01
   2.9992781e+01   3.0007219e+01
   2.9992079e+01   3.0007921e+01
   2.9816142e+01   3.0183858e+01
   2.9546394e+01   3.0453606e+01
   2.9364445e+01   3.0635555e+01
   2.9262232e+01   3.0737768e+01
   2.9228272e+01   3.0771728e+01
   2.9249317e+01   3.0750683e+01
   2.9311704e+01   3.0688296e+01
   2.9402134e+01   3.0597866e+01
   2.9508867e+01   3.0491133e+01
   2.9621725e+01   3.0378275e+01
   2.9732414e+01   3.0267586e+01
   2.9834638e+01   3.0165362e+01
   2.9924043e+01   3.0075957e+01
   2.9998037e+01   3.0001963e+01
   3.0055556e+01   2.9944444e+01
   3.0096779e+01   2.9903221e+01
   3.0122837e+01   2.9877163e+01
   3.0135536e+01   2.9864464e+01
   3.0137093e+01   2.9862907e+01
   3.0129910e+01   2.9870090e+01
   3.0116387e+01   2.9883613e+01
   3.0098775e+01   2.9901225e+01
   3.0079068e+01   2.9920932e+01
   3.0058945e+01   2.9941055e+01
   3.0039730e+01   2.9960270e+01
   3.0022396e+01   2.9977604e+01
   3.0007583e+01   2.9992417e+01
   2.9995630e+01   3.0004370e+01
   2.9986628e+01   3.0013372e+01
   2.9980466e+01   3.0019534e+01
   2.9976883e+01   3.0023117e+01
   2.9975519e+01   3.0024481e+01
   2.9975961e+01   3.0024039e+01
   2.9977775e+01   3.0022225e+01
   2.9980542e+01   3.0019458e+01
   2.9983880e+01   3.0016120e+01
   2.9987455e+01   3.0012545e+01
   2.9990996e+01   3.0009004e+01
   2.9994293e+01   3.0005707e+01
   2.9997199e+01   3.0002801e+01
   2.9999625e+01   3.0000375e+01
   3.0001529e+01   2.9998471e+01
   3.0002912e+01   2.9997088e+01
   3.0003806e+01   2.9996194e+01
   3.0004266e+01   2.9995734e+01
   3.0004362e+01   2.9995638e+01
   3.0004169e+01   2.9995831e+01
   3.0003765e+01   2.9996235e+01
   3.0003220e+01   2.9996780e+01
   3.0002601e+01   2.9997399e+01
   3.0001961e+01   2.9998039e+01
   3.0001345e+01   2.9998655e+01
   3.0000785e+01   2.9999215e+01
   3.0000303e+01   2.9999697e+01
   2.9999910e+01   3.0000090e+01
   2.9999611e+01   3.0000389e+01
   2.9087891e+01   3.0912109e+01
   2.8169488e+01   3.1830512e+01
   2.7750000e+01   3.2250000e+01
   2.7750000e+01   3.2250000e+01
   2.7750000e+01   3.2250000e+01
   2.7750000e+01   3.2250000e+01
   2.7750000e+01   3.2250000e+01
   2.7750000e+01   3.2250000e+01
   2.7750000e+01   3.2250000e+01
   2.7884334e+01   3.2115666e+01
   2.8433305e+01   3.1566695e+01
   2.8955394e+01   3.1044606e+01
   2.9424401e+01   3.0575599e+01
   2.9824143e+01   3.0175857e+01
   3.0146532e+01   2.9853468e+01
   3.0389693e+01   2.9610307e+01
   3.0556508e+01   2.9443492e+01
   3.0653496e+01   2.9346504e+01
   3.0689837e+01   2.9310163e+01
   3.0676415e+01   2.9323585e+01
   3.0624871e+01   2.9375129e+01
   3.0546723e+01   2.9453277e+01
   3.0452650e+01   2.9547350e+01
   3.0351971e+01   2.9648029e+01
   3.0252338e+01   2.9747662e+01
   3.0159622e+01   2.9840378e+01
   3.0077944e+01   2.9922056e+01
   3.0009824e+01   2.9990176e+01
   2.9956383e+01   3.0043617e+01
   2.9917598e+01   3.0082402e+01
   2.9892553e+01   3.0107447e+01
   2.9879701e+01   3.0120299e+01
   2.9877094e+01   3.0122906e+01
   2.9882594e+01   3.0117406e+01
   2.9894047e+01   3.0105953e+01
   2.9909415e+01   3.0090585e+01
   2.9926880e+01   3.0073120e+01
   2.9944900e+01   3.0055100e+01
   2.9962249e+01   3.0037751e+01
   2.9978014e+01   3.0021986e+01
   2.9991587e+01   3.0008413e+01
   3.0002627e+01   2.9997373e+01
   3.0011029e+01   2.9988971e+01
   3.0016869e+01   2.9983131e+01
   3.0020365e+01   2.9979635e+01
   3.0021830e+01   2.9978170e+01
   3.0021629e+01   2.9978371e+01
   3.0020149e+01   2.9979851e+01
   3.0017768e+01   2.9982232e+01
   3.0014834e+01   2.9985166e+01
   3.0011650e+01   2.9988350e+01
   3.0008467e+01   2.9991533e+01
   3.0047554e+01   2.9952446e+01
   3.0332661e+01   2.9667339e+01
   3.0534074e+01   2.9465926e+01
   3.0657718e+01   2.9342282e+01
   3.0713248e+01   2.9286752e+01
   3.0712621e+01   2.9287379e+01
   3.0668222e+01   2.9331778e+01
   3.0593014e+01   2.9406986e+01
   3.0498402e+01   2.9501598e+01
   3.0394504e+01   2.9605496e+01
   3.0289767e+01   2.9710233e+01
   3.0190799e+01   2.9809201e+01
   3.0102366e+01   2.9897634e+01
   3.0027512e+01   2.9972488e+01
   2.9967766e+01   3.0032234e+01
   2.9923392e+01   3.0076608e+01
   2.9893657e+01   3.0106343e+01
   2.9877097e+01   3.0122903e+01
   2.9871773e+01   3.0128227e+01
   2.9875491e+01   3.0124509e+01
   2.9885996e+01   3.0114004e+01
   2.9901122e+01   3.0098878e+01
   2.9918906e+01   3.0081094e+01
   2.9937663e+01   3.0062337e+01
   2.9956026e+01   3.0043974e+01
   2.9972958e+01   3.0027042e+01
   2.9987746e+01   3.0012254e+01
   2.9999963e+01   3.0000037e+01
   3.0009441e+01   2.9990559e+01
   3.0016213e+01   2.9983787e+01
   3.0020472e+01   2.9979528e+01
   3.0022522e+01   2.9977478e+01
   3.0022732e+01   2.9977268e+01
   3.0021504e+01   2.9978496e+01
   3.0019235e+01   2.9980765e+01
   3.0016297e+01   2.9983703e+01
   3.0013022e+01   2.9986978e+01
   3.0009684e+01   2.9990316e+01
   3.0006503e+01   2.9993497e+01
   3.0003637e+01   2.9996363e+01
   3.0001193e+01   2.9998807e+01
   2.9999224e+01   3.0000776e+01
   2.9997744e+01   3.0002256e+01
   2.9996735e+01   3.0003265e+01
   2.9996152e+01   3.0003848e+01
   2.9995936e+01   3.0004064e+01
   2.9996017e+01   3.0003983e+01
   2.9996324e+01   3.0003676e+01
   2.9996787e+01   3.0003213e+01
   2.9997342e+01   3.0002658e+01
   2.9997936e+01   3.0002064e+01
   2.9998523e+01   3.0001477e+01
   3.0405875e+01   2.9594125e+01
   3.0742535e+01   2.9257465e+01
   3.0959019e+01   2.9040981e+01
   3.1067984e+01   2.8932016e+01
   3.1087293e+01   2.8912707e+01
   3.1034079e+01   2.8965921e+01
   3.0930142e+01   2.9069858e+01
   3.0792721e+01   2.9207279e+01
   3.0637585e+01   2.9362415e+01
   3.0478202e+01   2.9521798e+01
   3.0325309e+01   2.9674691e+01
   3.0186818e+01   2.9813182e+01
   3.0067963e+01   2.9932037e+01
   2.9971594e+01   3.0028406e+01
   2.9898551e+01   3.0101449e+01
   2.9848069e+01   3.0151931e+01
   2.9818182e+01   3.0181818e+01
   2.9806110e+01   3.0193890e+01
   2.9808603e+01   3.0191397e+01
   2.9822248e+01   3.0177752e+01
   2.9843711e+01   3.0156289e+01
   2.9869924e+01   3.0130076e+01
   2.9898216e+01   3.0101784e+01
   2.9926389e+01   3.0073611e+01
   2.9952744e+01   3.0047256e+01
   2.9976076e+01   3.0023924e+01
   2.9995635e+01   3.0004365e+01
   3.0011071e+01   2.9988929e+01
   3.0022364e+01   2.9977636e+01
   3.0029753e+01   2.9970247e+01
   3.0033662e+01   2.9966338e+01
   3.0034632e+01   2.9965368e+01
   3.0033264e+01   2.9966736e+01
   3.0030167e+01   2.9969833e+01
   3.0025918e+01   2.9974082e+01
   3.0021036e+01   2.9978964e+01
   3.0015963e+01   2.9984037e+01
   3.0011050e+01   2.9988950e+01
   3.0006564e+01   2.9993436e+01
   3.0002684e+01   2.9997316e+01
   2.9999510e+01   3.0000490e+01
   2.9997078e+01   3.0002922e+01
   2.9995372e+01   3.0004628e+01
   2.9994331e+01   3.0005669e+01
   2.9993872e+01   3.0006128e+01
   2.9993891e+01   3.0006109e+01
   2.9994279e+01   3.0005721e+01
   2.9994931e+01   3.0005069e+01
   2.9995746e+01   3.0004254e+01
   2.9996639e+01   3.0003361e+01
   2.9997538e+01   3.0002462e+01
   2.9998385e+01   3.0001615e+01
   2.9999141e+01   3.0000859e+01
   2.9999780e+01   3.0000220e+01
   3.0000289e+01   2.9999711e+01
   3.0000666e+01   2.9999334e+01
   3.0000918e+01   2.9999082e+01
   3.0001056e+01   2.9998944e+01
   3.0001100e+01   2.9998900e+01
   3.0001066e+01   2.9998934e+01
   3.0000974e+01   2.9999026e+01
   3.0000843e+01   2.9999157e+01
   3.0000690e+01   2.9999310e+01
   3.0000530e+01   2.9999470e+01
   3.0000372e+01   2.9999628e+01
   3.0355016e+01   2.9644984e+01
   3.1574207e+01   2.8425793e+01
   3.2250000e+01   2.7750000e+01
   3.2250000e+01   2.7750000e+01
   3.2250000e+01   2.7750000e+01
   3.2250000e+01   2.7750000e+01
   3.2250000e+01   2.7750000e+01
   3.2250000e+01   2.7750000e+01
   3.2250000e+01   2.7750000e+01
   3.2250000e+01   2.7750000e+01
   3.2250000e+01   2.7750000e+01
   3.2250000e+01   2.7750000e+01
   3.2159328e+01   2.7840672e+01
   3.1432429e+01   2.8567571e+01
   3.0780633e+01   2.9219367e+01
   3.0225177e+01   2.9774823e+01
   2.9775913e+01   3.0224087e+01
   2.9434955e+01   3.0565045e+01
   2.9198857e+01   3.0801143e+01
   2.9059711e+01   3.0940289e+01
   2.9005923e+01   3.0994077e+01
   2.9023139e+01   3.0976861e+01
   2.9095439e+01   3.0904561e+01
   2.9206626e+01   3.0793374e+01
   2.9341408e+01   3.0658592e+01
   2.9486288e+01   3.0513712e+01
   2.9630115e+01   3.0369885e+01
   2.9764304e+01   3.0235696e+01
   2.9882805e+01   3.0117195e+01
   2.9981899e+01   3.0018101e+01
   3.0059887e+01   2.9940113e+01
   3.0116738e+01   2.9883262e+01
   3.0153713e+01   2.9846287e+01
   3.0173002e+01   2.9826998e+01
   3.0177385e+01   2.9822615e+01
   3.0169932e+01   2.9830068e+01
   3.0153751e+01   2.9846249e+01
   3.0131790e+01   2.9868210e+01
   3.0106690e+01   2.9893310e+01
   3.0080693e+01   2.9919307e+01
   3.0055591e+01   2.9944409e+01
   3.0032721e+01   2.9967279e+01
   3.0012981e+01   2.9987019e+01
   2.9996878e+01   3.0003122e+01
   2.9984581e+01   3.0015419e+01
   2.9975988e+01   3.0024012e+01
   2.8714946e+01   3.1285054e+01
   2.7750000e+01   3.2250000e+01
   2.7750000e+01   3.2250000e+01
   2.7750000e+01   3.2250000e+01
   2.7750000e+01   3.2250000e+01
   2.7750000e+01   3.2250000e+01
   2.7750000e+01   3.2250000e+01
   2.7750000e+01   3.2250000e+01
   2.7750000e+01   3.2250000e+01
   2.7750000e+01   3.2250000e+01
   2.7750000e+01   3.2250000e+01
   2.7750000e+01   3.2250000e+01
   2.7821244e+01   3.2178756e+01
   2.8593246e+01   3.1406754e+01
   2.9278712e+01   3.0721288e+01
   2.9857825e+01   3.0142175e+01
   3.0322215e+01   2.9677785e+01
   3.0670915e+01   2.9329085e+01
   3.0908261e+01   2.9091739e+01
   3.1043028e+01   2.8956972e+01
   3.1087829e+01   2.8912171e+01
   3.1058222e+01   2.8941778e+01
   3.0971431e+01   2.9028569e+01
   3.0844917e+01   2.9155083e+01
   3.0695076e+01   2.9304924e+01
   3.0536274e+01   2.9463726e+01
   3.0380267e+01   2.9619733e+01
   3.0235997e+01   2.9764003e+01
   3.0109655e+01   2.9890345e+01
   3.0004935e+01   2.9995065e+01
   2.9923377e+01   3.0076623e+01
   2.9864771e+01   3.0135229e+01
   2.9827558e+01   3.0172442e+01
   2.9809226e+01   3.0190774e+01
   2.9806670e+01   3.0193330e+01
   2.9816515e+01   3.0183485e+01
   2.9835380e+01   3.0164620e+01
   2.9860088e+01   3.0139912e+01
   2.9887816e+01   3.0112184e+01
   2.9916187e+01   3.0083813e+01
   2.9943322e+01   3.0056678e+01
   2.9967834e+01   3.0032166e+01
   2.9988814e+01   3.0011186e+01
   3.0005769e+01   2.9994231e+01
   3.0018564e+01   2.9981436e+01
   3.0027351e+01   2.9972649e+01
   3.0032491e+01   2.9967509e+01
   3.0034488e+01   2.9965512e+01
   3.0033925e+01   2.9966075e+01
   3.0031412e+01   2.9968588e+01
   3.0027540e+01   2.9972460e+01
   3.0022850e+01   2.9977150e+01
   3.0017815e+01   2.9982185e+01
   3.0744707e+01   2.9255293e+01
   3.1987975e+01   2.8012025e+01
   3.2250000e+01   2.7750000e+01
   3.2250000e+01   2.7750000e+01
   3.2250000e+01   2.7750000e+01
   3.2250000e+01   2.7750000e+01
   3.2250000e+01   2.7750000e+01
   3.2250000e+01   2.7750000e+01
   3.2250000e+01   2.7750000e+01
   3.2250000e+01   2.7750000e+01
   3.2250000e+01   2.7750000e+01
   3.2250000e+01   2.7750000e+01
   3.2250000e+01   2.7750000e+01
   3.2250000e+01   2.7750000e+01
   3.1641573e+01   2.8358427e+01
   3.0880402e+01   2.9119598e+01
   3.0232473e+01   2.9767527e+01
   2.9707529e+01   3.0292471e+01
   2.9307314e+01   3.0692686e+01
   2.9028268e+01   3.0971732e+01
   2.8862317e+01   3.1137683e+01
   2.8797135e+01   3.1202865e+01
   2.8816772e+01   3.1183228e+01
   2.8902892e+01   3.1097108e+01
   2.9036367e+01   3.0963633e+01
   2.9198838e+01   3.0801162e+01
   2.9373945e+01   3.0626055e+01
   2.9548108e+01   3.0451892e+01
   2.9710848e+01   3.0289152e+01
   2.9854767e+01   3.0145233e+01
   2.9975302e+01   3.0024698e+01
   3.0070347e+01   2.9929653e+01
   3.0139814e+01   2.9860186e+01
   3.0185187e+01   2.9814813e+01
   3.0209081e+01   2.9790919e+01
   3.0214840e+01   2.9785160e+01
   3.0206167e+01   2.9793833e+01
   3.0186824e+01   2.9813176e+01
   3.0160387e+01   2.9839613e+01
   3.0130065e+01   2.9869935e+01
   3.0098586e+01   2.9901414e+01
   3.0771411e+01   2.9228589e+01
   3.2250000e+01   2.7750000e+01
   3.2250000e+01   2.7750000e+01
   3.2250000e+01   2.7750000e+01
   3.2250000e+01   2.7750000e+01
   3.2250000e+01   2.7750000e+01
   3.2250000e+01   2.7750000e+01
   3.2250000e+01   2.7750000e+01
   3.2250000e+01   2.7750000e+01
   3.2250000e+01   2.7750000e+01
   3.2250000e+01   2.7750000e+01
   3.2250000e+01   2.7750000e+01
   3.2250000e+01   2.7750000e+01
   3.2250000e+01   2.7750000e+01
   3.2250000e+01   2.7750000e+01
   3.2250000e+01   2.7750000e+01
   3.2250000e+01   2.7750000e+01
   3.2250000e+01   2.7750000e+01
   3.2250000e+01   2.7750000e+01
   3.2250000e+01   2.7750000e+01
   3.2250000e+01   2.7750000e+01
   3.2250000e+01   2.7750000e+01
   3.2250000e+01   2.7750000e+01
   3.2250000e+01   2.7750000e+01
   3.2250000e+01   2.7750000e+01
   3.2250000e+01   2.7750000e+01
   3.2250000e+01   2.7750000e+01
   3.2250000e+01   2.7750000e+01
   3.2250000e+01   2.7750000e+01
   3.2250000e+01   2.7750000e+01
   3.2250000e+01   2.7750000e+01
   3.2250000e+01   2.7750000e+01
   3.2250000e+01   2.7750000e+01
   3.2250000e+01   2.7750000e+01
   3.2250000e+01   2.7750000e+01
   3.2250000e+01   2.7750000e+01
   3.2250000e+01   2.7750000e+01
   3.2250000e+01   2.7750000e+01
   3.2250000e+01   2.7750000e+01
   3.2250000e+01   2.7750000e+01
   3.2250000e+01   2.7750000e+01
   3.2250000e+01   2.7750000e+01
   3.2250000e+01   2.7750000e+01
   3.2250000e+01   2.7750000e+01
   3.2250000e+01   2.7750000e+01
   3.2250000e+01   2.7750000e+01
   3.2250000e+01   2.7750000e+01
   3.2250000e+01   2.7750000e+01
   3.2250000e+01   2.7750000e+01
   3.2250000e+01   2.7750000e+01
   3.2250000e+01   2.7750000e+01
   3.2250000e+01   2.7750000e+01
   3.2250000e+01   2.7750000e+01
   3.2250000e+01   2.7750000e+01
   3.2250000e+01   2.7750000e+01
   3.2250000e+01   2.7750000e+01
   3.2250000e+01   2.7750000e+01
   3.2250000e+01   2.7750000e+01
   3.2250000e+01   2.7750000e+01
   3.2250000e+01   2.7750000e+01
   3.2250000e+01   2.7750000e+01
   3.2250000e+01   2.7750000e+01
   3.2250000e+01   2.7750000e+01
   3.2250000e+01   2.7750000e+01
   3.2250000e+01   2.7750000e+01
   3.2250000e+01   2.7750000e+01
   3.2250000e+01   2.7750000e+01
   3.2250000e+01   2.7750000e+01
   3.2250000e+01   2.7750000e+01
   3.2250000e+01   2.7750000e+01
   3.2250000e+01   2.7750000e+01
   3.2250000e+01   2.7750000e+01
   3.2250000e+01   2.7750000e+01
   2.7750000e+01   3.2250000e+01
   2.7750000e+01   3.2250000e+01
   2.7750000e+01   3.2250000e+01
   2.7750000e+01   3.2250000e+01
   2.7750000e+01   3.2250000e+01
   2.7750000e+01   3.2250000e+01
   2.7750000e+01   3.2250000e+01
   2.7750000e+01   3.2250000e+01
   2.7750000e+01   3.2250000e+01
   2.7750000e+01   3.2250000e+01
   2.7750000e+01   3.2250000e+01
   2.7750000e+01   3.2250000e+01
   2.7750000e+01   3.2250000e+01
   2.7750000e+01   3.2250000e+01
   2.8595218e+01   3.1404782e+01
   2.9395839e+01   3.0604161e+01
   3.0062930e+01   2.9937070e+01
   3.0592142e+01   2.9407858e+01
   3.0984654e+01   2.9015346e+01
   3.1245568e+01   2.8754432e+01
   3.1384325e+01   2.8615675e+01
   3.1415164e+01   2.8584836e+01
   3.1356568e+01   2.8643432e+01
   3.1229709e+01   2.8770291e+01
   3.1056426e+01   2.8943574e+01
   3.0857317e+01   2.9142683e+01
   3.0650327e+01   2.9349673e+01
   3.0449955e+01   2.9550045e+01
   3.0267008e+01   2.9732992e+01
   3.0108755e+01   2.9891245e+01
   2.9979298e+01   3.0020702e+01
   2.9880069e+01   3.0119931e+01
   2.9810353e+01   3.0189647e+01
   2.9767809e+01   3.0232191e+01
   2.9748969e+01   3.0251031e+01
   2.9749691e+01   3.0250309e+01
   2.9765558e+01   3.0234442e+01
   2.9792212e+01   3.0207788e+01
   2.9825603e+01   3.0174397e+01
   2.9862176e+01   3.0137824e+01
   2.9898977e+01   3.0101023e+01
   2.9933702e+01   3.0066298e+01
   2.9964690e+01   3.0035310e+01
   2.9990885e+01   3.0009115e+01
   3.0011757e+01   2.9988243e+01
   3.0027224e+01   2.9972776e+01
   3.0037553e+01   2.9962447e+01
   3.0043265e+01   2.9956735e+01
   3.0045046e+01   2.9954954e+01
   3.0043669e+01   2.9956331e+01
   3.0039928e+01   2.9960072e+01
   3.0034582e+01   2.9965418e+01
   3.0028319e+01   2.9971681e+01
   3.0021728e+01   2.9978272e+01
   3.0015286e+01   2.9984714e+01
   3.0009355e+01   2.9990645e+01
   3.0004182e+01   2.9995818e+01
   2.9999915e+01   3.0000085e+01
   2.9996611e+01   3.0003389e+01
   2.9994256e+01   3.0005744e+01
   2.9992781e+01   3.0007219e+01
   2.9992079e+01   3.0007921e+01
   2.9816142e+01   3.0183858e+01
   2.9546394e+01   3.0453606e+01
   2.9364445e+01   3.0635555e+01
   2.9262232e+01   3.0737768e+01
   2.9228272e+01   3.0771728e+01
   2.9249317e+01   3.0750683e+01
   2.9311704e+01   3.0688296e+01
   2.9402134e+01   3.0597866e+01
   2.9508867e+01   3.0491133e+01
   2.9621725e+01   3.0378275e+01
   2.9732414e+01   3.0267586e+01
   2.9834638e+01   3.0165362e+01
   2.9924043e+01   3.0075957e+01
   2.9998037e+01   3.0001963e+01
   3.0055556e+01   2.9944444e+01
   3.0096779e+01   2.9903221e+01
   3.0122837e+01   2.9877163e+01
   3.0135536e+01   2.9864464e+01
   3.0137093e+01   2.9862907e+01
   3.0129910e+01   2.9870090e+01
   3.0116387e+01   2.9883613e+01
   3.0098775e+01   2.9901225e+01
   3.0079068e+01   2.9920932e+01
   3.0058945e+01   2.9941055e+01
   3.0039730e+01   2.9960270e+01
   3.0022396e+01   2.9977604e+01
   3.0007583e+01   2.9992417e+01
   2.9995630e+01   3.0004370e+01
   2.9986628e+01   3.0013372e+01
   2.9980466e+01   3.0019534e+01
   2.9976883e+01   3.0023117e+01
   2.9975519e+01   3.0024481e+01
   2.9975961e+01   3.0024039e+01
   2.9977775e+01   3.0022225e+01
   2.9980542e+01   3.0019458e+01
   2.9983880e+01   3.0016120e+01
   2.9987455e+01   3.0012545e+01
   2.9990996e+01   3.0009004e+01
   2.9994293e+01   3.0005707e+01
   2.9997199e+01   3.0002801e+01
   2.9999625e+01   3.0000375e+01
   3.0001529e+01   2.9998471e+01
   3.0002912e+01   2.9997088e+01
   3.0003806e+01   2.9996194e+01
   3.0004266e+01   2.9995734e+01
   3.0004362e+01   2.9995638e+01
   3.0004169e+01   2.9995831e+01
   3.0003765e+01   2.9996235e+01
   3.0003220e+01   2.9996780e+01
   3.0002601e+01   2.9997399e+01
   3.0001961e+01   2.9998039e+01
   3.0001345e+01   2.9998655e+01
   3.0000785e+01   2.9999215e+01
   3.0000303e+01   2.9999697e+01
   2.9999910e+01   3.0000090e+01
   2.9999611e+01   3.0000389e+01
   2.9087891e+01   3.0912109e+01
   2.8169488e+01   3.1830512e+01
   2.7750000e+01   3.2250000e+01
   2.7750000e+01   3.2250000e+01
   2.7750000e+01   3.2250000e+01
   2.7750000e+01   3.2250000e+01
   2.7750000e+01   3.2250000e+01
   2.7750000e+01   3.2250000e+01
   2.7750000e+01   3.2250000e+01
   2.7884334e+01   3.2115666e+01
   2.8433305e+01   3.1566695e+01
   2.8955394e+01   3.1044606e+01
   2.9424401e+01   3.0575599e+01
   2.9824143e+01   3.0175857e+01
   3.0146532e+01   2.9853468e+01
   3.0389693e+01   2.9610307e+01
   3.0556508e+01   2.9443492e+01
   3.0653496e+01   2.9346504e+01
   3.0689837e+01   2.9310163e+01
   3.0676415e+01   2.9323585e+01
   3.0624871e+01   2.9375129e+01
   3.0546723e+01   2.9453277e+01
   3.0452650e+01   2.9547350e+01
   3.0351971e+01   2.9648029e+01
   3.0252338e+01   2.9747662e+01
   3.0159622e+01   2.9840378e+01
   3.0077944e+01   2.9922056e+01
   3.0009824e+01   2.9990176e+01
   2.9956383e+01   3.0043617e+01
   2.9917598e+01   3.0082402e+01
   2.9892553e+01   3.0107447e+01
   2.9879701e+01   3.0120299e+01
   2.9877094e+01   3.0122906e+01
   2.9882594e+01   3.0117406e+01
   2.9894047e+01   3.0105953e+01
   2.9909415e+01   3.0090585e+01
   2.9926880e+01   3.0073120e+01
   2.9944900e+01   3.0055100e+01
   2.9962249e+01   3.0037751e+01
   2.9978014e+01   3.0021986e+01
   2.9991587e+01   3.0008413e+01
   3.0002627e+01   2.9997373e+01
   3.0011029e+01   2.9988971e+01
   3.0016869e+01   2.9983131e+01
   3.0020365e+01   2.9979635e+01
   3.0021830e+01   2.9978170e+01
   3.0021629e+01   2.9978371e+01
   3.0020149e+01   2.9979851e+01
   3.0017768e+01   2.9982232e+01
   3.0014834e+01   2.9985166e+01
   3.0011650e+01   2.9988350e+01
   3.0008467e+01   2.9991533e+01
   3.0047554e+01   2.9952446e+01
   3.0332661e+01   2.9667339e+01
   3.0534074e+01   2.9465926e+01
   3.0657718e+01   2.9342282e+01
   3.0713248e+01   2.9286752e+01
   3.0712621e+01   2.9287379e+01
   3.0668222e+01   2.9331778e+01
   3.0593014e+01   2.9406986e+01
   3.0498402e+01   2.9501598e+01
   3.0394504e+01   2.9605496e+01
   3.0289767e+01   2.9710233e+01
   3.0190799e+01   2.9809201e+01
   3.0102366e+01   2.9897634e+01
   3.0027512e+01   2.9972488e+01
   2.9967766e+01   3.0032234e+01
   2.9923392e+01   3.0076608e+01
   2.9893657e+01   3.0106343e+01
   2.9877097e+01   3.0122903e+01
   2.9871773e+01   3.0128227e+01
   2.9875491e+01   3.0124509e+01
   2.9885996e+01   3.0114004e+01
   2.9901122e+01   3.0098878e+01
   2.9918906e+01   3.0081094e+01
   2.9937663e+01   3.0062337e+01
   2.9956026e+01   3.0043974e+01
   2.9972958e+01   3.0027042e+01
   2.9987746e+01   3.0012254e+01
   2.9999963e+01   3.0000037e+01
   3.0009441e+01   2.9990559e+01
   3.0016213e+01   2.9983787e+01
   3.0020472e+01   2.9979528e+01
   3.0022522e+01   2.9977478e+01
   3.0022732e+01   2.9977268e+01
   3.0021504e+01   2.9978496e+01
   3.0019235e+01   2.9980765e+01
   3.0016297e+01   2.9983703e+01
   3.0013022e+01   2.9986978e+01
   3.0009684e+01   2.9990316e+01
   3.0006503e+01   2.9993497e+01
   3.0003637e+01   2.9996363e+01
   3.0001193e+01   2.9998807e+01
   2.9999224e+01   3.0000776e+01
   2.9997744e+01   3.0002256e+01
   2.9996735e+01   3.0003265e+01
   2.9996152e+01   3.0003848e+01
   2.9995936e+01   3.0004064e+01
   2.9996017e+01   3.0003983e+01
   2.9996324e+01   3.0003676e+01
   2.9996787e+01   3.0003213e+01
   2.9997342e+01   3.0002658e+01
   2.9997936e+01   3.0002064e+01
   2.9998523e+01   3.0001477e+01
   3.0405875e+01   2.9594125e+01
   3.0742535e+01   2.9257465e+01
   3.0959019e+01   2.9040981e+01
   3.1067984e+01   2.8932016e+01
   3.1087293e+01   2.8912707e+01
   3.1034079e+01   2.8965921e+01
   3.0930142e+01   2.9069858e+01
   3.0792721e+01   2.9207279e+01
   3.0637585e+01   2.9362415e+01
   3.0478202e+01   2.9521798e+01
   3.0325309e+01   2.9674691e+01
   3.0186818e+01   2.9813182e+01
   3.0067963e+01   2.9932037e+01
   2.9971594e+01   3.0028406e+01
   2.9898551e+01   3.0101449e+01
   2.9848069e+01   3.0151931e+01
   2.9818182e+01   3.0181818e+01
   2.9806110e+01   3.0193890e+01
   2.9808603e+01   3.0191397e+01
   2.9822248e+01   3.0177752e+01
   2.9843711e+01   3.0156289e+01
   2.9869924e+01   3.0130076e+01
   2.9898216e+01   3.0101784e+01
   2.9926389e+01   3.0073611e+01
   2.9952744e+01   3.0047256e+01
   2.9976076e+01   3.0023924e+01
   2.9995635e+01   3.0004365e+01
   3.0011071e+01   2.9988929e+01
   3.0022364e+01   2.9977636e+01
   3.0029753e+01   2.9970247e+01
   3.0033662e+01   2.9966338e+01
   3.0034632e+01   2.9965368e+01
   3.0033264e+01   2.9966736e+01
   3.0030167e+01   2.9969833e+01
   3.0025918e+01   2.9974082e+01
   3.0021036e+01   2.9978964e+01
   3.0015963e+01   2.9984037e+01
   3.0011050e+01   2.9988950e+01
   3.0006564e+01   2.9993436e+01
   3.0002684e+01   2.9997316e+01
   2.9999510e+01   3.0000490e+01
   2.9997078e+01   3.0002922e+01
   2.9995372e+01   3.0004628e+01
   2.9994331e+01   3.0005669e+01
   2.9993872e+01   3.0006128e+01
   2.9993891e+01   3.0006109e+01
   2.9994279e+01   3.0005721e+01
   2.9994931e+01   3.0005069e+01
   2.9995746e+01   3.0004254e+01
   2.9996639e+01   3.0003361e+01
   2.9997538e+01   3.0002462e+01
   2.9998385e+01   3.0001615e+01
   2.9999141e+01   3.0000859e+01
   2.9999780e+01   3.0000220e+01
   3.0000289e+01   2.9999711e+01
   3.0000666e+01   2.9999334e+01
   3.0000918e+01   2.9999082e+01
   3.0001056e+01   2.9998944e+01
   3.0001100e+01   2.9998900e+01
   3.0001066e+01   2.9998934e+01
   3.0000974e+01   2.9999026e+01
   3.0000843e+01   2.9999157e+01
   3.0000690e+01   2.9999310e+01
   3.0000530e+01   2.9999470e+01
   3.0000372e+01   2.9999628e+01
   3.0355016e+01   2.9644984e+01
   3.1574207e+01   2.8425793e+01
   3.2250000e+01   2.7750000e+01
   3.2250000e+01   2.7750000e+01
   3.2250000e+01   2.7750000e+01
   3.2250000e+01   2.7750000e+01
   3.2250000e+01   2.7750000e+01
   3.2250000e+01   2.7750000e+01
   3.2250000e+01   2.7750000e+01
   3.2250000e+01   2.7750000e+01
   3.2250000e+01   2.7750000e+01
   3.2250000e+01   2.7750000e+01
   3.2159328e+01   2.7840672e+01
   3.1432429e+01   2.8567571e+01
   3.0780633e+01   2.9219367e+01
   3.0225177e+01   2.9774823e+01
   2.9775913e+01   3.0224087e+01
   2.9434955e+01   3.0565045e+01
   2.9198857e+01   3.0801143e+01
   2.9059711e+01   3.0940289e+01
   2.9005923e+01   3.0994077e+01
   2.9023139e+01   3.0976861e+01
   2.9095439e+01   3.0904561e+01
   2.9206626e+01   3.0793374e+01
   2.9341408e+01   3.0658592e+01
   2.9486288e+01   3.0513712e+01
   2.9630115e+01   3.0369885e+01
   2.9764304e+01   3.0235696e+01
   2.9882805e+01   3.0117195e+01
   2.9981899e+01   3.0018101e+01
   3.0059887e+01   2.9940113e+01
   3.0116738e+01   2.9883262e+01
   3.0153713e+01   2.9846287e+01
   3.0173002e+01   2.9826998e+01
   3.0177385e+01   2.9822615e+01
   3.0169932e+01   2.9830068e+01
   3.0153751e+01   2.9846249e+01
   3.0131790e+01   2.9868210e+01
   3.0106690e+01   2.9893310e+01
   3.0080693e+01   2.9919307e+01
   3.0055591e+01   2.9944409e+01
   3.0032721e+01   2.9967279e+01
   3.0012981e+01   2.9987019e+01
   2.9996878e+01   3.0003122e+01
   2.9984581e+01   3.0015419e+01
   2.9975988e+01   3.0024012e+01
   2.8714946e+01   3.1285054e+01
   2.7750000e+01   3.2250000e+01
   2.7750000e+01   3.2250000e+01
   2.7750000e+01   3.2250000e+01
   2.7750000e+01   3.2250000e+01
   2.7750000e+01   3.2250000e+01
   2.7750000e+01   3.2250000e+01
   2.7750000e+01   3.2250000e+01
   2.7750000e+01   3.2250000e+01
   2.7750000e+01   3.2250000e+01
   2.7750000e+01   3.2250000e+01
   2.7750000e+01   3.2250000e+01
   2.7821244e+01   3.2178756e+01
   2.8593246e+01   3.1406754e+01
   2.9278712e+01   3.0721288e+01
   2.9857825e+01   3.0142175e+01
   3.0322215e+01   2.9677785e+01
   3.0670915e+01   2.9329085e+01
   3.0908261e+01   2.9091739e+01
   3.1043028e+01   2.8956972e+01
   3.1087829e+01   2.8912171e+01
   3.1058222e+01   2.8941778e+01
   3.0971431e+01   2.9028569e+01
   3.0844917e+01   2.9155083e+01
   3.0695076e+01   2.9304924e+01
   3.0536274e+01   2.9463726e+01
   3.0380267e+01   2.9619733e+01
   3.0235997e+01   2.9764003e+01
   3.0109655e+01   2.9890345e+01
   3.0004935e+01   2.9995065e+01
   2.9923377e+01   3.0076623e+01
   2.9864771e+01   3.0135229e+01
   2.9827558e+01   3.0172442e+01
   2.9809226e+01   3.0190774e+01
   2.9806670e+01   3.0193330e+01
   2.9816515e+01   3.0183485e+01
   2.9835380e+01   3.0164620e+01
   2.9860088e+01   3.0139912e+01
   2.9887816e+01   3.0112184e+01
   2.9916187e+01   3.0083813e+01
   2.9943322e+01   3.0056678e+01
   2.9967834e+01   3.0032166e+01
   2.9988814e+01   3.0011186e+01
   3.0005769e+01   2.9994231e+01
   3.0018564e+01   2.9981436e+01
   3.0027351e+01   2.9972649e+01
   3.0032491e+01   2.9967509e+01
   3.0034488e+01   2.9965512e+01
   3.0033925e+01   2.9966075e+01
   3.0031412e+01   2.9968588e+01
   3.0027540e+01   2.9972460e+01
   3.0022850e+01   2.9977150e+01
   3.0017815e+01   2.9982185e+01
   3.0744707e+01   2.9255293e+01
   3.1987975e+01   2.8012025e+01
   3.2250000e+01   2.7750000e+01
   3.2250000e+01   2.7750000e+01
   3.2250000e+01   2.7750000e+01
   3.2250000e+01   2.7750000e+01
   3.2250000e+01   2.7750000e+01
   3.2250000e+01   2.7750000e+01
   3.2250000e+01   2.7750000e+01
   3.2250000e+01   2.7750000e+01
   3.2250000e+01   2.7750000e+01
   3.2250000e+01   2.7750000e+01
   3.2250000e+01   2.7750000e+01
   3.2250000e+01   2.7750000e+01
   3.1641573e+01   2.8358427e+01
   3.0880402e+01   2.9119598e+01
   3.0232473e+01   2.9767527e+01
   2.9707529e+01   3.0292471e+01
   2.9307314e+01   3.0692686e+01
   2.9028268e+01   3.0971732e+01
   2.8862317e+01   3.1137683e+01
   2.8797135e+01   3.1202865e+01
   2.8816772e+01   3.1183228e+01
   2.8902892e+01   3.1097108e+01
   2.9036367e+01   3.0963633e+01
   2.9198838e+01   3.0801162e+01
   2.9373945e+01   3.0626055e+01
   2.9548108e+01   3.0451892e+01
   2.9710848e+01   3.0289152e+01
   2.9854767e+01   3.0145233e+01
   2.9975302e+01   3.0024698e+01
   3.0070347e+01   2.9929653e+01
   3.0139814e+01   2.9860186e+01
   3.0185187e+01   2.9814813e+01
   3.0209081e+01   2.9790919e+01
   3.0214840e+01   2.9785160e+01
   3.0206167e+01   2.9793833e+01
   3.0186824e+01   2.9813176e+01
   3.0160387e+01   2.9839613e+01
   3.0130065e+01   2.9869935e+01
   3.0098586e+01   2.9901414e+01
   3.0771411e+01   2.9228589e+01
   3.2250000e+01   2.7750000e+01
   3.2250000e+01   2.7750000e+01
   3.2250000e+01   2.7750000e+01
   3.2250000e+01   2.7750000e+01
   3.2250000e+01   2.7750000e+01
   3.2250000e+01   2.7750000e+01
   3.2250000e+01   2.7750000e+01
   3.2250000e+01   2.7750000e+01
   3.2250000e+01   2.7750000e+01
   3.2250000e+01   2.7750000e+01
   3.2250000e+01   2.7750000e+01
   3.2250000e+01   2.7750000e+01
   3.2250000e+01   2.7750000e+01
   3.2250000e+01   2.7750000e+01
   3.2250000e+01   2.7750000e+01
   3.2250000e+01   2.7750000e+01
   3.2250000e+01   2.7750000e+01
   3.2250000e+01   2.7750000e+01
   3.2250000e+01   2.7750000e+01
   3.2250000e+01   2.7750000e+01
   3.2250000e+01   2.7750000e+01
   3.2250000e+01   2.7750000e+01
   3.2250000e+01   2.7750000e+01
   3.2250000e+01   2.7750000e+01
   3.2250000e+01   2.7750000e+01
   3.2250000e+01   2.7750000e+01
   3.2250000e+01   2.7750000e+01
   3.2250000e+01   2.7750000e+01
   3.2250000e+01   2.7750000e+01
   3.2250000e+01   2.7750000e+01
   3.2250000e+01   2.7750000e+01
   3.2250000e+01   2.7750000e+01
   3.2250000e+01   2.7750000e+01
   3.2250000e+01   2.7750000e+01
   3.2250000e+01   2.7750000e+01
   3.2250000e+01   2.7750000e+01
   3.2250000e+01   2.7750000e+01
   3.2250000e+01   2.7750000e+01
   3.2250000e+01   2.7750000e+01
   3.2250000e+01   2.7750000e+01
   3.2250000e+01   2.7750000e+01
   3.2250000e+01   2.7750000e+01
   3.2250000e+01   2.7750000e+01
   3.2250000e+01   2.7750000e+01
   3.2250000e+01   2.7750000e+01
   3.2250000e+01   2.7750000e+01
   3.2250000e+01   2.7750000e+01
   3.2250000e+01   2.7750000e+01
   3.2250000e+01   2.7750000e+01
   3.2250000e+01   2.7750000e+01
   3.2250000e+01   2.7750000e+01
   3.2250000e+01   2.7750000e+01
   3.2250000e+01   2.7750000e+01
   3.2250000e+01   2.7750000e+01
   3.2250000e+01   2.7750000e+01
   3.2250000e+01   2.7750000e+01
   3.2250000e+01   2.7750000e+01
   3.2250000e+01   2.7750000e+01
   3.2250000e+01   2.7750000e+01
   3.2250000e+01   2.7750000e+01
   3.2250000e+01   2.7750000e+01
   3.2250000e+01   2.7750000e+01
   3.2250000e+01   2.7750000e+01
   3.2250000e+01   2.7750000e+01
   3.2250000e+01   2.7750000e+01
   3.2250000e+01   2.7750000e+01
   3.2250000e+01   2.7750000e+01
   3.2250000e+01   2.7750000e+01
   3.2250000e+01   2.7750000e+01
   3.2250000e+01   2.7750000e+01
   3.2250000e+01   2.7750000e+01
   3.2250000e+01   2.7750000e+01
   2.7750000e+01   3.2250000e+01
   2.7750000e+01   3.2250000e+01
   2.7750000e+01   3.2250000e+01
   2.7750000e+01   3.2250000e+01
   2.7750000e+01   3.2250000e+01
   2.7750000e+01   3.2250000e+01
   2.7750000e+01   3.2250000e+01
   2.7750000e+01   3.2250000e+01
   2.7750000e+01   3.2250000e+01
   2.7750000e+01   3.2250000e+01
   2.7750000e+01   3.2250000e+01
   2.7750000e+01   3.2250000e+01
   2.7750000e+01   3.2250000e+01
   2.7750000e+01   3.2250000e+01
   2.8595218e+01   3.1404782e+01
   2.9395839e+01   3.0604161e+01
   3.0062930e+01   2.9937070e+01
   3.0592142e+01   2.9407858e+01
   3.0984654e+01   2.9015346e+01
   3.1245568e+01   2.8754432e+01
   3.1384325e+01   2.8615675e+01
   3.1415164e+01   2.8584836e+01
   3.1356568e+01   2.8643432e+01
   3.1229709e+01   2.8770291e+01
   3.1056426e+01   2.8943574e+01
   3.0857317e+01   2.9142683e+01
   3.0650327e+01   2.9349673e+01
   3.0449955e+01   2.9550045e+01
   3.0267008e+01   2.9732992e+01
   3.0108755e+01   2.9891245e+01
   2.9979298e+01   3.0020702e+01
   2.9880069e+01   3.0119931e+01
   2.9810353e+01   3.0189647e+01
   2.9767809e+01   3.0232191e+01
   2.9748969e+01   3.0251031e+01
   2.9749691e+01   3.0250309e+01
   2.9765558e+01   3.0234442e+01
   2.9792212e+01   3.0207788e+01
   2.9825603e+01   3.0174397e+01
   2.9862176e+01   3.0137824e+01
   2.9898977e+01   3.0101023e+01
   2.9933702e+01   3.0066298e+01
   2.9964690e+01   3.0035310e+01
   2.9990885e+01   3.0009115e+01
   3.0011757e+01   2.9988243e+01
   3.0027224e+01   2.9972776e+01
   3.0037553e+01   2.9962447e+01
   3.0043265e+01   2.9956735e+01
   3.0045046e+01   2.9954954e+01
   3.0043669e+01   2.9956331e+01
   3.0039928e+01   2.9960072e+01
   3.0034582e+01   2.9965418e+01
   3.0028319e+01   2.9971681e+01
   3.0021728e+01   2.9978272e+01
   3.0015286e+01   2.9984714e+01
   3.0009355e+01   2.9990645e+01
   3.0004182e+01   2.9995818e+01
   2.9999915e+01   3.0000085e+01
   2.9996611e+01   3.0003389e+01
   2.9994256e+01   3.0005744e+01
   2.9992781e+01   3.0007219e+01
   2.9992079e+01   3.0007921e+01
   2.9816142e+01   3.0183858e+01
   2.9546394e+01   3.0453606e+01
   2.9364445e+01   3.0635555e+01
   2.9262232e+01   3.0737768e+01
   2.9228272e+01   3.0771728e+01
   2.9249317e+01   3.0750683e+01
   2.9311704e+01   3.0688296e+01
   2.9402134e+01   3.0597866e+01
   2.9508867e+01   3.0491133e+01
   2.9621725e+01   3.0378275e+01
   2.9732414e+01   3.0267586e+01
   2.9834638e+01   3.0165362e+01
   2.9924043e+01   3.0075957e+01
   2.9998037e+01   3.0001963e+01
   3.0055556e+01   2.9944444e+01
   3.0096779e+01   2.9903221e+01
   3.0122837e+01   2.9877163e+01
   3.0135536e+01   2.9864464e+01
   3.0137093e+01   2.9862907e+01
   3.0129910e+01   2.9870090e+01
   3.0116387e+01   2.9883613e+01
   3.0098775e+01   2.9901225e+01
   3.0079068e+01   2.9920932e+01
   3.0058945e+01   2.9941055e+01
   3.0039730e+01   2.9960270e+01
   3.0022396e+01   2.9977604e+01
   3.0007583e+01   2.9992417e+01
   2.9995630e+01   3.0004370e+01
   2.9986628e+01   3.0013372e+01
   2.9980466e+01   3.0019534e+01
   2.9976883e+01   3.0023117e+01
   2.9975519e+01   3.0024481e+01
   2.9975961e+01   3.0024039e+01
   2.9977775e+01   3.0022225e+01
   2.9980542e+01   3.0019458e+01
   2.9983880e+01   3.0016120e+01
   2.9987455e+01   3.0012545e+01
   2.9990996e+01   3.0009004e+01
   2.9994293e+01   3.0005707e+01
   2.9997199e+01   3.0002801e+01
   2.9999625e+01   3.0000375e+01
   3.0001529e+01   2.9998471e+01
   3.0002912e+01   2.9997088e+01
   3.0003806e+01   2.9996194e+01
   3.0004266e+01   2.9995734e+01
   3.0004362e+01   2.9995638e+01
   3.0004169e+01   2.9995831e+01
   3.0003765e+01   2.9996235e+01
   3.0003220e+01   2.9996780e+01
   3.0002601e+01   2.9997399e+01
   3.0001961e+01   2.9998039e+01
   3.0001345e+01   2.9998655e+01
   3.0000785e+01   2.9999215e+01
   3.0000303e+01   2.9999697e+01
   2.9999910e+01   3.0000090e+01
   2.9999611e+01   3.0000389e+01
   2.9087891e+01   3.0912109e+01
   2.8169488e+01   3.1830512e+01
   2.7750000e+01   3.2250000e+01
   2.7750000e+01   3.2250000e+01
   2.7750000e+01   3.2250000e+01
   2.7750000e+01   3.2250000e+01
   2.7750000e+01   3.2250000e+01
   2.7750000e+01   3.2250000e+01
   2.7750000e+01   3.2250000e+01
   2.7884334e+01   3.2115666e+01
   2.8433305e+01   3.1566695e+01
   2.8955394e+01   3.1044606e+01
   2.9424401e+01   3.0575599e+01
   2.9824143e+01   3.0175857e+01
   3.0146532e+01   2.9853468e+01
   3.0389693e+01   2.9610307e+01
   3.0556508e+01   2.9443492e+01
   3.0653496e+01   2.9346504e+01
   3.0689837e+01   2.9310163e+01
   3.0676415e+01   2.9323585e+01
   3.0624871e+01   2.9375129e+01
   3.0546723e+01   2.9453277e+01
   3.0452650e+01   2.9547350e+01
   3.0351971e+01   2.9648029e+01
   3.0252338e+01   2.9747662e+01
   3.0159622e+01   2.9840378e+01
   3.0077944e+01   2.9922056e+01
   3.0009824e+01   2.9990176e+01
   2.9956383e+01   3.0043617e+01
   2.9917598e+01   3.0082402e+01
   2.9892553e+01   3.0107447e+01
   2.9879701e+01   3.0120299e+01
   2.9877094e+01   3.0122906e+01
   2.9882594e+01   3.0117406e+01
   2.9894047e+01   3.0105953e+01
   2.9909415e+01   3.0090585e+01
   2.9926880e+01   3.0073120e+01
   2.9944900e+01   3.0055100e+01
   2.9962249e+01   3.0037751e+01
   2.9978014e+01   3.0021986e+01
   2.9991587e+01   3.0008413e+01
   3.0002627e+01   2.9997373e+01
   3.0011029e+01   2.9988971e+01
   3.0016869e+01   2.9983131e+01
   3.0020365e+01   2.9979635e+01
   3.0021830e+01   2.9978170e+01
   3.0021629e+01   2.9978371e+01
   3.0020149e+01   2.9979851e+01
   3.0017768e+01   2.9982232e+01
   3.0014834e+01   2.9985166e+01
   3.0011650e+01   2.9988350e+01
   3.0008467e+01   2.9991533e+01
   3.0047554e+01   2.9952446e+01
   3.0332661e+01   2.9667339e+01
   3.0534074e+01   2.9465926e+01
   3.0657718e+01   2.9342282e+01
   3.0713248e+01   2.9286752e+01
   3.0712621e+01   2.9287379e+01
   3.0668222e+01   2.9331778e+01
   3.0593014e+01   2.9406986e+01
   3.0498402e+01   2.9501598e+01
   3.0394504e+01   2.9605496e+01
   3.0289767e+01   2.9710233e+01
   3.0190799e+01   2.9809201e+01
   3.0102366e+01   2.9897634e+01
   3.0027512e+01   2.9972488e+01
   2.9967766e+01   3.0032234e+01
   2.9923392e+01   3.0076608e+01
   2.9893657e+01   3.0106343e+01
   2.9877097e+01   3.0122903e+01
   2.9871773e+01   3.0128227e+01
   2.9875491e+01   3.0124509e+01
   2.9885996e+01   3.0114004e+01
   2.9901122e+01   3.0098878e+01
   2.9918906e+01   3.0081094e+01
   2.9937663e+01   3.0062337e+01
   2.9956026e+01   3.0043974e+01
   2.9972958e+01   3.0027042e+01
   2.9987746e+01   3.0012254e+01
   2.9999963e+01   3.0000037e+01
   3.0009441e+01   2.9990559e+01
   3.0016213e+01   2.9983787e+01
   3.0020472e+01   2.9979528e+01
   3.0022522e+01   2.9977478e+01
   3.0022732e+01   2.9977268e+01
   3.0021504e+01   2.9978496e+01
   3.0019235e+01   2.9980765e+01
   3.0016297e+01   2.9983703e+01
   3.0013022e+01   2.9986978e+01
   3.0009684e+01   2.9990316e+01
   3.0006503e+01   2.9993497e+01
   3.0003637e+01   2.9996363e+01
   3.0001193e+01   2.9998807e+01
   2.9999224e+01   3.0000776e+01
   2.9997744e+01   3.0002256e+01
   2.9996735e+01   3.0003265e+01
   2.9996152e+01   3.0003848e+01
   2.9995936e+01   3.0004064e+01
   2.9996017e+01   3.0003983e+01
   2.9996324e+01   3.0003676e+01
   2.9996787e+01   3.0003213e+01
   2.9997342e+01   3.0002658e+01
   2.9997936e+01   3.0002064e+01
   2.9998523e+01   3.0001477e+01
   3.0405875e+01   2.9594125e+01
   3.0742535e+01   2.9257465e+01
   3.0959019e+01   2.9040981e+01
   3.1067984e+01   2.8932016e+01
   3.1087293e+01   2.8912707e+01
   3.1034079e+01   2.8965921e+01
   3.0930142e+01   2.9069858e+01
   3.0792721e+01   2.9207279e+01
   3.0637585e+01   2.9362415e+01
   3.0478202e+01   2.9521798e+01
   3.0325309e+01   2.9674691e+01
   3.0186818e+01   2.9813182e+01
   3.0067963e+01   2.9932037e+01
   2.9971594e+01   3.0028406e+01
   2.9898551e+01   3.0101449e+01
   2.9848069e+01   3.0151931e+01
   2.9818182e+01   3.0181818e+01
   2.9806110e+01   3.0193890e+01
   2.9808603e+01   3.0191397e+01
   2.9822248e+01   3.0177752e+01
   2.9843711e+01   3.0156289e+01
   2.9869924e+01   3.0130076e+01
   2.9898216e+01   3.0101784e+01
   2.9926389e+01   3.0073611e+01
   2.9952744e+01   3.0047256e+01
   2.9976076e+01   3.0023924e+01
   2.9995635e+01   3.0004365e+01
   3.0011071e+01   2.9988929e+01
   3.0022364e+01   2.9977636e+01
   3.0029753e+01   2.9970247e+01
   3.0033662e+01   2.9966338e+01
   3.0034632e+01   2.9965368e+01
   3.0033264e+01   2.9966736e+01
   3.0030167e+01   2.9969833e+01
   3.0025918e+01   2.9974082e+01
   3.0021036e+01   2.9978964e+01
   3.0015963e+01   2.9984037e+01
   3.0011050e+01   2.9988950e+01
   3.0006564e+01   2.9993436e+01
   3.0002684e+01   2.9997316e+01
   2.9999510e+01   3.0000490e+01
   2.9997078e+01   3.0002922e+01
   2.9995372e+01   3.0004628e+01
   2.9994331e+01   3.0005669e+01
   2.9993872e+01   3.0006128e+01
   2.9993891e+01   3.0006109e+01
   2.9994279e+01   3.0005721e+01
   2.9994931e+01   3.0005069e+01
   2.9995746e+01   3.0004254e+01
   2.9996639e+01   3.0003361e+01
   2.9997538e+01   3.0002462e+01
   2.9998385e+01   3.0001615e+01
   2.9999141e+01   3.0000859e+01
   2.9999780e+01   3.0000220e+01
   3.0000289e+01   2.9999711e+01
   3.0000666e+01   2.9999334e+01
   3.0000918e+01   2.9999082e+01
   3.0001056e+01   2.9998944e+01
   3.0001100e+01   2.9998900e+01
   3.0001066e+01   2.9998934e+01
   3.0000974e+01   2.9999026e+01
   3.0000843e+01   2.9999157e+01
   3.0000690e+01   2.9999310e+01
   3.0000530e+01   2.9999470e+01
   3.0000372e+01   2.9999628e+01
   3.0355016e+01   2.9644984e+01
   3.1574207e+01   2.8425793e+01
   3.2250000e+01   2.7750000e+01
   3.2250000e+01   2.7750000e+01
   3.2250000e+01   2.7750000e+01
   3.2250000e+01   2.7750000e+01
   3.2250000e+01   2.7750000e+01
   3.2250000e+01   2.7750000e+01
   3.2250000e+01   2.7750000e+01
   3.2250000e+01   2.7750000e+01
   3.2250000e+01   2.7750000e+01
   3.2250000e+01   2.7750000e+01
   3.2159328e+01   2.7840672e+01
   3.1432429e+01   2.8567571e+01
   3.0780633e+01   2.9219367e+01
   3.0225177e+01   2.9774823e+01
   2.9775913e+01   3.0224087e+01
   2.9434955e+01   3.0565045e+01
   2.9198857e+01   3.0801143e+01
   2.9059711e+01   3.0940289e+01
   2.9005923e+01   3.0994077e+01
   2.9023139e+01   3.0976861e+01
   2.9095439e+01   3.0904561e+01
   2.9206626e+01   3.0793374e+01
   2.9341408e+01   3.0658592e+01
   2.9486288e+01   3.0513712e+01
   2.9630115e+01   3.0369885e+01
   2.9764304e+01   3.0235696e+01
   2.9882805e+01   3.0117195e+01
   2.9981899e+01   3.0018101e+01
   3.0059887e+01   2.9940113e+01
   3.0116738e+01   2.9883262e+01
   3.0153713e+01   2.9846287e+01
   3.0173002e+01   2.9826998e+01
   3.0177385e+01   2.9822615e+01
   3.0169932e+01   2.9830068e+01
   3.0153751e+01   2.9846249e+01
   3.0131790e+01   2.9868210e+01
   3.0106690e+01   2.9893310e+01
   3.0080693e+01   2.9919307e+01
   3.0055591e+01   2.9944409e+01
   3.0032721e+01   2.9967279e+01
   3.0012981e+01   2.9987019e+01
   2.9996878e+01   3.0003122e+01
   2.9984581e+01   3.0015419e+01
   2.9975988e+01   3.0024012e+01
   2.8714946e+01   3.1285054e+01
   2.7750000e+01   3.2250000e+01
   2.7750000e+01   3.2250000e+01
   2.7750000e+01   3.2250000e+01
   2.7750000e+01   3.2250000e+01
   2.7750000e+01   3.2250000e+01
   2.7750000e+01   3.2250000e+01
   2.7750000e+01   3.2250000e+01
   2.7750000e+01   3.2250000e+01
   2.7750000e+01   3.2250000e+01
   2.7750000e+01   3.2250000e+01
   2.7750000e+01   3.2250000e+01
   2.7821244e+01   3.2178756e+01
   2.8593246e+01   3.1406754e+01
   2.9278712e+01   3.0721288e+01
   2.9857825e+01   3.0142175e+01
   3.0322215e+01   2.9677785e+01
   3.0670915e+01   2.9329085e+01
   3.0908261e+01   2.9091739e+01
   3.1043028e+01   2.8956972e+01
   3.1087829e+01   2.8912171e+01
   3.1058222e+01   2.8941778e+01
   3.0971431e+01   2.9028569e+01
   3.0844917e+01   2.9155083e+01
   3.0695076e+01   2.9304924e+01
   3.0536274e+01   2.9463726e+01
   3.0380267e+01   2.9619733e+01
   3.0235997e+01   2.9764003e+01
   3.0109655e+01   2.9890345e+01
   3.0004935e+01   2.9995065e+01
   2.9923377e+01   3.0076623e+01
   2.9864771e+01   3.0135229e+01
   2.9827558e+01   3.0172442e+01
   2.9809226e+01   3.0190774e+01
   2.9806670e+01   3.0193330e+01
   2.9816515e+01   3.0183485e+01
   2.9835380e+01   3.0164620e+01
   2.9860088e+01   3.0139912e+01
   2.9887816e+01   3.0112184e+01
   2.9916187e+01   3.0083813e+01
   2.9943322e+01   3.0056678e+01
   2.9967834e+01   3.0032166e+01
   2.9988814e+01   3.0011186e+01
   3.0005769e+01   2.9994231e+01
   3.0018564e+01   2.9981436e+01
   3.0027351e+01   2.9972649e+01
   3.0032491e+01   2.9967509e+01
   3.0034488e+01   2.9965512e+01
   3.0033925e+01   2.9966075e+01
   3.0031412e+01   2.9968588e+01
   3.0027540e+01   2.9972460e+01
   3.0022850e+01   2.9977150e+01
   3.0017815e+01   2.9982185e+01
   3.0744707e+01   2.9255293e+01
   3.1987975e+01   2.8012025e+01
   3.2250000e+01   2.7750000e+01
   3.2250000e+01   2.7750000e+01
   3.2250000e+01   2.7750000e+01
   3.2250000e+01   2.7750000e+01
   3.2250000e+01   2.7750000e+01
   3.2250000e+01   2.7750000e+01
   3.2250000e+01   2.7750000e+01
   3.2250000e+01   2.7750000e+01
   3.2250000e+01   2.7750000e+01
   3.2250000e+01   2.7750000e+01
   3.2250000e+01   2.7750000e+01
   3.2250000e+01   2.7750000e+01
   3.1641573e+01   2.8358427e+01
   3.0880402e+01   2.9119598e+01
   3.0232473e+01   2.9767527e+01
   2.9707529e+01   3.0292471e+01
   2.9307314e+01   3.0692686e+01
   2.9028268e+01   3.0971732e+01
   2.8862317e+01   3.1137683e+01
   2.8797135e+01   3.1202865e+01
   2.8816772e+01   3.1183228e+01
   2.8902892e+01   3.1097108e+01
   2.9036367e+01   3.0963633e+01
   2.9198838e+01   3.0801162e+01
   2.9373945e+01   3.0626055e+01
   2.9548108e+01   3.0451892e+01
   2.9710848e+01   3.0289152e+01
   2.9854767e+01   3.0145233e+01
   2.9975302e+01   3.0024698e+01
   3.0070347e+01   2.9929653e+01
   3.0139814e+01   2.9860186e+01
   3.0185187e+01   2.9814813e+01
   3.0209081e+01   2.9790919e+01
   3.0214840e+01   2.9785160e+01
   3.0206167e+01   2.9793833e+01
   3.0186824e+01   2.9813176e+01
   3.0160387e+01   2.9839613e+01
   3.0130065e+01   2.9869935e+01
   3.0098586e+01   2.9901414e+01
   3.0771411e+01   2.9228589e+01
   3.2250000e+01   2.7750000e+01
   3.2250000e+01   2.7750000e+01
   3.2250000e+01   2.7750000e+01
   3.2250000e+01   2.7750000e+01
   3.2250000e+01   2.7750000e+01
   3.2250000e+01   2.7750000e+01
   3.2250000e+01   2.7750000e+01
   3.2250000e+01   2.7750000e+01
   3.2250000e+01   2.7750000e+01
   3.2250000e+01   2.7750000e+01
   3.2250000e+01   2.7750000e+01
   3.2250000e+01   2.7750000e+01
   3.2250000e+01   2.7750000e+01
   3.2250000e+01   2.7750000e+01
   3.2250000e+01   2.7750000e+01
   3.2250000e+01   2.7750000e+01
   3.2250000e+01   2.7750000e+01
   3.2250000e+01   2.7750000e+01
   3.2250000e+01   2.7750000e+01
   3.2250000e+01   2.7750000e+01
   3.2250000e+01   2.7750000e+01
   3.2250000e+01   2.7750000e+01
   3.2250000e+01   2.7750000e+01
   3.2250000e+01   2.7750000e+01
   3.2250000e+01   2.7750000e+01
   3.2250000e+01   2.7750000e+01
   3.2250000e+01   2.7750000e+01
   3.2250000e+01   2.7750000e+01
   3.2250000e+01   2.7750000e+01
   3.2250000e+01   2.7750000e+01
   3.2250000e+01   2.7750000e+01
   3.2250000e+01   2.7750000e+01
   3.2250000e+01   2.7750000e+01
   3.2250000e+01   2.7750000e+01
   3.2250000e+01   2.7750000e+01
   3.2250000e+01   2.7750000e+01
   3.2250000e+01   2.7750000e+01
   3.2250000e+01   2.7750000e+01
   3.2250000e+01   2.7750000e+01
   3.2250000e+01   2.7750000e+01
   3.2250000e+01   2.7750000e+01
   3.2250000e+01   2.7750000e+01
   3.2250000e+01   2.7750000e+01
   3.2250000e+01   2.7750000e+01
   3.2250000e+01   2.7750000e+01
   3.2250000e+01   2.7750000e+01
   3.2250000e+01   2.7750000e+01
   3.2250000e+01   2.7750000e+01
   3.2250000e+01   2.7750000e+01
   3.2250000e+01   2.7750000e+01
   3.2250000e+01   2.7750000e+01
   3.2250000e+01   2.7750000e+01
   3.2250000e+01   2.7750000e+01
   3.2250000e+01   2.7750000e+01
   3.2250000e+01   2.7750000e+01
   3.2250000e+01   2.7750000e+01
   3.2250000e+01   2.7750000e+01
   3.2250000e+01   2.7750000e+01
   3.2250000e+01   2.7750000e+01
   3.2250000e+01   2.7750000e+01
   3.2250000e+01   2.7750000e+01
   3.2250000e+01   2.7750000e+01
   3.2250000e+01   2.7750000e+01
   3.2250000e+01   2.7750000e+01
   3.2250000e+01   2.7750000e+01
   3.2250000e+01   2.7750000e+01
   3.2250000e+01   2.7750000e+01
   3.2250000e+01   2.7750000e+01
   3.2250000e+01   2.7750000e+01
   3.2250000e+01   2.7750000e+01
   3.2250000e+01   2.7750000e+01
   3.2250000e+01   2.7750000e+01
   3.2250000e+01   2.7750000e+01
   3.2250000e+01   2.7750000e+01
   3.2250000e+01   2.7750000e+01
   3.2250000e+01   2.7750000e+01
   3.2250000e+01   2.7750000e+01
   3.2250000e+01   2.7750000e+01
   3.2250000e+01   2.7750000e+01
   3.2250000e+01   2.7750000e+01
   3.2250000e+01   2.7750000e+01
   3.2250000e+01   2.7750000e+01
   3.2250000e+01   2.7750000e+01
   3.2250000e+01   2.7750000e+01
   3.2250000e+01   2.7750000e+01
   3.2250000e+01   2.7750000e+01
   3.2250000e+01   2.7750000e+01
   3.2250000e+01   2.7750000e+01
   3.2250000e+01   2.7750000e+01
   3.2250000e+01   2.7750000e+01
   2.8929429e+01   3.1070571e+01
   2.8726665e+01   3.1273335e+01
   2.8476319e+01   3.1523681e+01
   2.8168432e+01   3.1831568e+01
   2.7791426e+01   3.2208574e+01
   2.7750000e+01   3.2250000e+01
   2.7750000e+01   3.2250000e+01
   2.7750000e+01   3.2250000e+01
   2.7750000e+01   3.2250000e+01
   2.7750000e+01   3.2250000e+01
   2.7750000e+01   3.2250000e+01
   2.7750000e+01   3.2250000e+01
   2.7750000e+01   3.2250000e+01
   2.7750000e+01   3.2250000e+01
   2.7750000e+01   3.2250000e+01
   2.7750000e+01   3.2250000e+01
   2.7750000e+01   3.2250000e+01
   2.7750000e+01   3.2250000e+01
   2.7750000e+01   3.2250000e+01
   2.7750000e+01   3.2250000e+01
   2.7750000e+01   3.2250000e+01
   2.7750000e+01   3.2250000e+01
   2.7750000e+01   3.2250000e+01
   2.7750000e+01   3.2250000e+01
   2.7750000e+01   3.2250000e+01
   2.7750000e+01   3.2250000e+01
   2.7750000e+01   3.2250000e+01
   2.7750000e+01   3.2250000e+01
   2.7750000e+01   3.2250000e+01
   2.7750000e+01   3.2250000e+01
   2.7750000e+01   3.2250000e+01
   2.7750000e+01   3.2250000e+01
   2.7750000e+01   3.2250000e+01
   2.7750000e+01   3.2250000e+01
   2.7750000e+01   3.2250000e+01
   2.7750000e+01   3.2250000e+01
   2.7750000e+01   3.2250000e+01
   2.7750000e+01   3.2250000e+01
   2.7750000e+01   3.2250000e+01
   2.7750000e+01   3.2250000e+01
   2.7750000e+01   3.2250000e+01
   2.7750000e+01   3.2250000e+01
   2.7750000e+01   3.2250000e+01
   2.8359143e+01   3.1640857e+01
   2.8903327e+01   3.1096673e+01
   2.9303626e+01   3.0696374e+01
   2.9598861e+01   3.0401139e+01
   2.9821032e+01   3.0178968e+01
   2.9991851e+01   3.0008149e+01
   3.0127445e+01   2.9872555e+01
   3.0239810e+01   2.9760190e+01
   3.0337993e+01   2.9662007e+01
   3.0429006e+01   2.9570994e+01
   3.0518510e+01   2.9481490e+01
   3.0611342e+01   2.9388658e+01
   3.0711902e+01   2.9288098e+01
   3.0824453e+01   2.9175547e+01
   3.0953287e+01   2.9046713e+01
   3.1102757e+01   2.8897243e+01
   3.1277040e+01   2.8722960e+01
   3.1116518e+01   2.8883482e+01
   3.1385716e+01   2.8614284e+01
   3.1839668e+01   2.8160332e+01
   3.2250000e+01   2.7750000e+01
   3.2250000e+01   2.7750000e+01
   3.2250000e+01   2.7750000e+01
   3.2250000e+01   2.7750000e+01
   3.2250000e+01   2.7750000e+01
   3.2250000e+01   2.7750000e+01
   3.2250000e+01   2.7750000e+01
   3.2250000e+01   2.7750000e+01
   3.2250000e+01   2.7750000e+01
   3.2250000e+01   2.7750000e+01
   3.2250000e+01   2.7750000e+01
   3.2250000e+01   2.7750000e+01
   3.1871812e+01   2.8128188e+01
   3.1168333e+01   2.8831667e+01
   3.0550368e+01   2.9449632e+01
   3.0034171e+01   2.9965829e+01
   2.9626182e+01   3.0373818e+01
   2.9326127e+01   3.0673873e+01
   2.9128690e+01   3.0871310e+01
   2.9024394e+01   3.0975606e+01
   2.9000394e+01   3.0999606e+01
   2.9041513e+01   3.0958487e+01
   2.9131504e+01   3.0868496e+01
   2.9254330e+01   3.0745670e+01
   2.9395253e+01   3.0604747e+01
   2.9450639e+01   3.0549361e+01
   2.9036963e+01   3.0963037e+01
   2.8773254e+01   3.1226746e+01
   2.8643787e+01   3.1356213e+01
   2.8626410e+01   3.1373590e+01
   2.8695719e+01   3.1304281e+01
   2.8827970e+01   3.1172030e+01
   2.9002038e+01   3.0997962e+01
   2.9198194e+01   3.0801806e+01
   2.9399481e+01   3.0600519e+01
   2.9592372e+01   3.0407628e+01
   2.9766925e+01   3.0233075e+01
   2.9916596e+01   3.0083404e+01
   3.0037844e+01   2.9962156e+01
   3.0129652e+01   2.9870348e+01
   3.0193009e+01   2.9806991e+01
   3.0230404e+01   2.9769596e+01
   3.0245352e+01   2.9754648e+01
   3.0241953e+01   2.9758047e+01
   3.0224517e+01   2.9775483e+01
   3.0197254e+01   2.9802746e+01
   3.0164034e+01   2.9835966e+01
   3.0128229e+01   2.9871771e+01
   3.0092610e+01   2.9907390e+01
   3.0059318e+01   2.9940682e+01
   3.0029867e+01   2.9970133e+01
   3.0005199e+01   2.9994801e+01
   2.9985750e+01   3.0014250e+01
   2.9971539e+01   3.0028461e+01
   2.9962260e+01   3.0037740e+01
   2.9957374e+01   3.0042626e+01
   2.9956195e+01   3.0043805e+01
   2.9957962e+01   3.0042038e+01
   2.9961906e+01   3.0038094e+01
   2.9967297e+01   3.0032703e+01
   2.9973480e+01   3.0026520e+01
   2.9979899e+01   3.0020101e+01
   2.9986107e+01   3.0013893e+01
   2.9991773e+01   3.0008227e+01
   2.9996670e+01   3.0003330e+01
   3.0000671e+01   2.9999329e+01
   3.0003734e+01   2.9996266e+01
   3.0005880e+01   2.9994120e+01
   3.0007184e+01   2.9992816e+01
   3.0007756e+01   2.9992244e+01
   3.0007725e+01   2.9992275e+01
   3.0007227e+01   2.9992773e+01
   3.0006399e+01   2.9993601e+01
   3.0005365e+01   2.9994635e+01
   3.0004235e+01   2.9995765e+01
   3.0003099e+01   2.9996901e+01
   3.0002028e+01   2.9997972e+01
   3.0001074e+01   2.9998926e+01
   3.0000268e+01   2.9999732e+01
   2.9999626e+01   3.0000374e+01
   2.9999152e+01   3.0000848e+01
   2.9998836e+01   3.0001164e+01
   2.9998662e+01   3.0001338e+01
   2.9998609e+01   3.0001391e+01
   2.9998653e+01   3.0001347e+01
   2.9998770e+01   3.0001230e+01
   2.9998936e+01   3.0001064e+01
   2.9999129e+01   3.0000871e+01
   2.9999333e+01   3.0000667e+01
   2.9999532e+01   3.0000468e+01
   2.9742036e+01   3.0257964e+01
   2.9235665e+01   3.0764335e+01
   2.8886137e+01   3.1113863e+01
   2.8682937e+01   3.1317063e+01
   2.8606808e+01   3.1393192e+01
   2.8633748e+01   3.1366252e+01
   2.8739282e+01   3.1260718e+01
   2.8897655e+01   3.1102345e+01
   2.9087933e+01   3.0912067e+01
   2.9291431e+01   3.0708569e+01
   2.9492678e+01   3.0507322e+01
   2.9679816e+01   3.0320184e+01
   2.9844565e+01   3.0155435e+01
   2.9981901e+01   3.0018099e+01
   3.0089605e+01   2.9910395e+01
   3.0167747e+01   2.9832253e+01
   3.0218169e+01   2.9781831e+01
   3.0243985e+01   2.9756015e+01
   3.0249109e+01   2.9750891e+01
   3.0237854e+01   2.9762146e+01
   3.0214571e+01   2.9785429e+01
   3.0183380e+01   2.9816620e+01
   3.0147963e+01   2.9852037e+01
   3.0111437e+01   2.9888563e+01
   3.0076289e+01   2.9923711e+01
   3.0044360e+01   2.9955640e+01
   3.0016882e+01   2.9983118e+01
   2.9994539e+01   3.0005461e+01
   2.9977546e+01   3.0022454e+01
   2.9965741e+01   3.0034259e+01
   2.9958684e+01   3.0041316e+01
   2.9955740e+01   3.0044260e+01
   2.9956167e+01   3.0043833e+01
   2.9959181e+01   3.0040819e+01
   2.9964018e+01   3.0035982e+01
   2.9969972e+01   3.0030028e+01
   2.9976428e+01   3.0023572e+01
   2.9982877e+01   3.0017123e+01
   2.9988928e+01   3.0011072e+01
   2.9994297e+01   3.0005703e+01
   2.9998811e+01   3.0001189e+01
   3.0002384e+01   2.9997616e+01
   3.0005009e+01   2.9994991e+01
   3.0006738e+01   2.9993262e+01
   3.0007667e+01   2.9992333e+01
   3.0007917e+01   2.9992083e+01
   3.0007627e+01   2.9992373e+01
   3.0006935e+01   2.9993065e+01
   3.0005973e+01   2.9994027e+01
   3.0004862e+01   2.9995138e+01
   3.0003703e+01   2.9996297e+01
   3.0002577e+01   2.9997423e+01
   3.0001546e+01   2.9998454e+01
   3.0000652e+01   2.9999348e+01
   2.9999918e+01   3.0000082e+01
   2.9999355e+01   3.0000645e+01
   2.9998957e+01   3.0001043e+01
   2.9998713e+01   3.0001287e+01
   2.9998602e+01   3.0001398e+01
   2.9998602e+01   3.0001398e+01
   2.9998687e+01   3.0001313e+01
   2.9998833e+01   3.0001167e+01
   2.9999019e+01   3.0000981e+01
   2.9528705e+01   3.0471295e+01
   2.9174770e+01   3.0825230e+01
   2.8949871e+01   3.1050129e+01
   2.8840062e+01   3.1159938e+01
   2.8825821e+01   3.1174179e+01
   2.8888390e+01   3.1111610e+01
   2.9004232e+01   3.0995768e+01
   2.9154896e+01   3.0845104e+01
   2.9323523e+01   3.0676477e+01
   2.9495757e+01   3.0504243e+01
   2.9660212e+01   3.0339788e+01
   2.9808557e+01   3.0191443e+01
   2.9935343e+01   3.0064657e+01
   3.0037672e+01   2.9962328e+01
   3.0114782e+01   2.9885218e+01
   3.0167615e+01   2.9832385e+01
   3.0198373e+01   2.9801627e+01
   3.0210114e+01   2.9789886e+01
   3.0206373e+01   2.9793627e+01
   3.0190845e+01   2.9809155e+01
   3.0167121e+01   2.9832879e+01
   3.0138491e+01   2.9861509e+01
   3.0107808e+01   2.9892192e+01
   3.0077413e+01   2.9922587e+01
   3.0049102e+01   2.9950898e+01
   3.0024140e+01   2.9975860e+01
   3.0003304e+01   2.9996696e+01
   2.9986942e+01   3.0013058e+01
   2.9975053e+01   3.0024947e+01
   2.9967360e+01   3.0032640e+01
   2.9963391e+01   3.0036609e+01
   2.9962555e+01   3.0037445e+01
   2.9964200e+01   3.0035800e+01
   2.9967666e+01   3.0032334e+01
   2.9972335e+01   3.0027665e+01
   2.9977649e+01   3.0022351e+01
   2.9983138e+01   3.0016862e+01
   2.9988428e+01   3.0011572e+01
   2.9993238e+01   3.0006762e+01
   2.9997383e+01   3.0002617e+01
   3.0000757e+01   2.9999243e+01
   3.0003328e+01   2.9996672e+01
   3.0005118e+01   2.9994882e+01
   3.0006192e+01   2.9993808e+01
   3.0006647e+01   2.9993353e+01
   3.0006592e+01   2.9993408e+01
   3.0006146e+01   2.9993854e+01
   3.0005424e+01   2.9994576e+01
   3.0004532e+01   2.9995468e+01
   3.0003562e+01   2.9996438e+01
   3.0002593e+01   2.9997407e+01
   3.0001682e+01   2.9998318e+01
   3.0000873e+01   2.9999127e+01
   3.0000191e+01   2.9999809e+01
   2.9999652e+01   3.0000348e+01
   2.9999254e+01   3.0000746e+01
   2.9998992e+01   3.0001008e+01
   2.9998850e+01   3.0001150e+01
   2.9998810e+01   3.0001190e+01
   2.9998852e+01   3.0001148e+01
   2.9998955e+01   3.0001045e+01
   2.9999099e+01   3.0000901e+01
   2.9999266e+01   3.0000734e+01
   3.0287156e+01   2.9712844e+01
   3.1464186e+01   2.8535814e+01
   3.2250000e+01   2.7750000e+01
   3.2250000e+01   2.7750000e+01
   3.2250000e+01   2.7750000e+01
   3.2250000e+01   2.7750000e+01
   3.2250000e+01   2.7750000e+01
   3.2250000e+01   2.7750000e+01
   3.2250000e+01   2.7750000e+01
   3.2250000e+01   2.7750000e+01
   3.2250000e+01   2.7750000e+01
   3.2229484e+01   2.7770516e+01
   3.1558977e+01   2.8441023e+01
   3.0943278e+01   2.9056722e+01
   3.0407166e+01   2.9592834e+01
   2.9963889e+01   3.0036111e+01
   2.9618314e+01   3.0381686e+01
   2.9369232e+01   3.0630768e+01
   2.9210771e+01   3.0789229e+01
   2.9133355e+01   3.0866645e+01
   2.9124654e+01   3.0875346e+01
   2.9170651e+01   3.0829349e+01
   2.9256786e+01   3.0743214e+01
   2.9369029e+01   3.0630971e+01
   2.9494724e+01   3.0505276e+01
   2.9623156e+01   3.0376844e+01
   2.9745833e+01   3.0254167e+01
   2.9856535e+01   3.0143465e+01
   2.9951177e+01   3.0048823e+01
   3.0027581e+01   2.9972419e+01
   3.0085170e+01   2.9914830e+01
   3.0124641e+01   2.9875359e+01
   3.0147640e+01   2.9852360e+01
   3.0156450e+01   2.9843550e+01
   3.0153711e+01   2.9846289e+01
   3.0142180e+01   2.9857820e+01
   3.0124533e+01   2.9875467e+01
   3.0103224e+01   2.9896776e+01
   3.0080378e+01   2.9919622e+01
   3.0057740e+01   2.9942260e+01
   3.0036649e+01   2.9963351e+01
   3.0018048e+01   2.9981952e+01
   3.0002518e+01   2.9997482e+01
   2.9920968e+01   3.0079032e+01
   2.9482572e+01   3.0517428e+01
   2.9171788e+01   3.0828212e+01
   2.8980946e+01   3.1019054e+01
   2.8895680e+01   3.1104320e+01
   2.8897326e+01   3.1102674e+01
   2.8967072e+01   3.1032928e+01
   2.9083909e+01   3.0916091e+01
   2.9230537e+01   3.0769463e+01
   2.9391403e+01   3.0608597e+01
   2.9553450e+01   3.0446550e+01
   2.9706467e+01   3.0293533e+01
   2.9843110e+01   3.0156890e+01
   2.9958706e+01   3.0041294e+01
   3.0050922e+01   2.9949078e+01
   3.0119371e+01   2.9880629e+01
   3.0165194e+01   2.9834806e+01
   3.0190655e+01   2.9809345e+01
   3.0198752e+01   2.9801248e+01
   3.0192877e+01   2.9807123e+01
   3.0176517e+01   2.9823483e+01
   3.0153024e+01   2.9846976e+01
   3.0125437e+01   2.9874563e+01
   3.0096362e+01   2.9903638e+01
   3.0067914e+01   2.9932086e+01
   3.0041695e+01   2.9958305e+01
   3.0018809e+01   2.9981191e+01
   2.9999909e+01   3.0000091e+01
   2.9985257e+01   3.0014743e+01
   2.9974796e+01   3.0025204e+01
   2.9968227e+01   3.0031773e+01
   2.9965077e+01   3.0034923e+01
   2.9964773e+01   3.0035227e+01
   2.9966694e+01   3.0033306e+01
   2.9970222e+01   3.0029778e+01
   2.9974782e+01   3.0025218e+01
   2.9979862e+01   3.0020138e+01
   2.9985034e+01   3.0014966e+01
   2.9989962e+01   3.0010038e+01
   2.9994398e+01   3.0005602e+01
   2.9998181e+01   3.0001819e+01
   3.0001226e+01   2.9998774e+01
   3.0003513e+01   2.9996487e+01
   3.0005071e+01   2.9994929e+01
   3.0005969e+01   2.9994031e+01
   3.0006300e+01   2.9993700e+01
   3.0006171e+01   2.9993829e+01
   3.0005693e+01   2.9994307e+01
   3.0004974e+01   2.9995026e+01
   3.0004111e+01   2.9995889e+01
   3.0003191e+01   2.9996809e+01
   3.0002282e+01   2.9997718e+01
   3.0860696e+01   2.9139304e+01
   3.1771753e+01   2.8228247e+01
   3.2250000e+01   2.7750000e+01
   3.2250000e+01   2.7750000e+01
   3.2250000e+01   2.7750000e+01
   3.2250000e+01   2.7750000e+01
   3.2250000e+01   2.7750000e+01
   3.2250000e+01   2.7750000e+01
   3.2250000e+01   2.7750000e+01
   3.1965062e+01   2.8034938e+01
   3.1443420e+01   2.8556580e+01
   3.0950199e+01   2.9049801e+01
   3.0509354e+01   2.9490646e+01
   3.0135546e+01   2.9864454e+01
   2.9835909e+01   3.0164091e+01
   2.9611753e+01   3.0388247e+01
   2.9459914e+01   3.0540086e+01
   2.9373824e+01   3.0626176e+01
   2.9344473e+01   3.0655527e+01
   2.9361343e+01   3.0638657e+01
   2.9413312e+01   3.0586688e+01
   2.9489474e+01   3.0510526e+01
   2.9579795e+01   3.0420205e+01
   2.9675575e+01   3.0324425e+01
   2.9769721e+01   3.0230279e+01
   2.9856832e+01   3.0143168e+01
   2.9933155e+01   3.0066845e+01
   2.9996443e+01   3.0003557e+01
   3.0045751e+01   2.9954249e+01
   3.0081199e+01   2.9918801e+01
   3.0103727e+01   2.9896273e+01
   3.0114854e+01   2.9885146e+01
   3.0116456e+01   2.9883544e+01
   3.0110570e+01   2.9889430e+01
   3.0099236e+01   2.9900764e+01
   3.0084372e+01   2.9915628e+01
   3.0067678e+01   2.9932322e+01
   3.0050589e+01   2.9949411e+01
   3.0034238e+01   2.9965762e+01
   3.0019462e+01   2.9980538e+01
   3.0006812e+01   2.9993188e+01
   2.9996584e+01   3.0003416e+01
   2.9988861e+01   3.0011139e+01
   2.9983554e+01   3.0016446e+01
   2.9980445e+01   3.0019555e+01
   2.9979232e+01   3.0020768e+01
   2.9979562e+01   3.0020438e+01
   2.9981069e+01   3.0018931e+01
   2.9983397e+01   3.0016603e+01
   2.9986219e+01   3.0013781e+01
   2.9989251e+01   3.0010749e+01
   2.9992261e+01   3.0007739e+01
   2.9995069e+01   3.0004931e+01
   2.9997548e+01   3.0002452e+01
   2.9999621e+01   3.0000379e+01
   3.0001252e+01   2.9998748e+01
   3.0002440e+01   2.9997560e+01
   3.0003212e+01   2.9996788e+01
   3.0003614e+01   2.9996386e+01
   3.0003704e+01   2.9996296e+01
   3.0380581e+01   2.9619419e+01
   3.0655687e+01   2.9344313e+01
   3.0829327e+01   2.9170673e+01
   3.0913059e+01   2.9086941e+01
   3.0922124e+01   2.9077876e+01
   3.0871903e+01   2.9128097e+01
   3.0779923e+01   2.9220077e+01
   3.0660904e+01   2.9339096e+01
   3.0528119e+01   2.9471881e+01
   3.0392787e+01   2.9607213e+01
   3.0263781e+01   2.9736219e+01
   3.0147583e+01   2.9852417e+01
   3.0048424e+01   2.9951576e+01
   2.9968538e+01   3.0031462e+01
   2.9908482e+01   3.0091518e+01
   2.9867483e+01   3.0132517e+01
   2.9843777e+01   3.0156223e+01
   2.9834942e+01   3.0165058e+01
   2.9838188e+01   3.0161812e+01
   2.9850608e+01   3.0149392e+01
   2.9869385e+01   3.0130615e+01
   2.9891944e+01   3.0108056e+01
   2.9916054e+01   3.0083946e+01
   2.9939891e+01   3.0060109e+01
   2.9962058e+01   3.0037942e+01
   2.9981571e+01   3.0018429e+01
   2.9997832e+01   3.0002168e+01
   3.0010576e+01   2.9989424e+01
   3.0019811e+01   2.9980189e+01
   3.0025760e+01   2.9974240e+01
   3.0028797e+01   2.9971203e+01
   3.0029389e+01   2.9970611e+01
   3.0028049e+01   2.9971951e+01
   3.0025292e+01   2.9974708e+01
   3.0021606e+01   2.9978394e+01
   3.0017425e+01   2.9982575e+01
   2.9987456e+01   3.0012544e+01
   2.9743281e+01   3.0256719e+01
   2.7750000e+01   3.2250000e+01
   2.8406898e+01   3.1593102e+01
   2.8437223e+01   3.1562777e+01
   2.8270362e+01   3.1729638e+01
   2.8042342e+01   3.1957658e+01
   2.7750000e+01   3.2250000e+01
   2.7750000e+01   3.2250000e+01
   2.7750000e+01   3.2250000e+01
   2.7750000e+01   3.2250000e+01
   2.7750000e+01   3.2250000e+01
   3.2250000e+01   2.7750000e+01
   3.2250000e+01   2.7750000e+01
   3.2250000e+01   2.7750000e+01
   2.7750000e+01   3.2250000e+01
   2.7750000e+01   3.2250000e+01
   2.7750000e+01   3.2250000e+01
   2.7750000e+01   3.2250000e+01
   2.7750000e+01   3.2250000e+01
   2.7750000e+01   3.2250000e+01
   2.7750000e+01   3.2250000e+01
   2.7750000e+01   3.2250000e+01
   2.7750000e+01   3.2250000e+01
   2.7750000e+01   3.2250000e+01
   2.7750000e+01   3.2250000e+01
   2.7750000e+01   3.2250000e+01
   2.7750000e+01   3.2250000e+01
   2.7750000e+01   3.2250000e+01
   2.7750000e+01   3.2250000e+01
   2.7750000e+01   3.2250000e+01
   2.7750000e+01   3.2250000e+01
   2.7750000e+01   3.2250000e+01
   2.7750000e+01   3.2250000e+01
   2.7750000e+01   3.2250000e+01
   2.7750000e+01   3.2250000e+01
   2.7750000e+01   3.2250000e+01
   2.7750000e+01   3.2250000e+01
   2.7750000e+01   3.2250000e+01
   2.8381080e+01   3.1618920e+01
   2.9374064e+01   3.0625936e+01
   3.0211547e+01   2.9788453e+01
   3.0920895e+01   2.9079105e+01
   3.1518525e+01   2.8481475e+01
   3.2004566e+01   2.7995434e+01
   3.2250000e+01   2.7750000e+01
   3.2250000e+01   2.7750000e+01
   3.2250000e+01   2.7750000e+01
   3.2250000e+01   2.7750000e+01
   3.2250000e+01   2.7750000e+01
   3.2250000e+01   2.7750000e+01
   3.2234567e+01   2.7765433e+01
   3.1771618e+01   2.8228382e+01
   3.1303236e+01   2.8696764e+01
   3.0859985e+01   2.9140015e+01
   3.0463465e+01   2.9536535e+01
   3.0127055e+01   2.9872945e+01
   2.9857359e+01   3.0142641e+01
   2.9655637e+01   3.0344363e+01
   2.9519019e+01   3.0480981e+01
   2.9441518e+01   3.0558482e+01
   2.9414948e+01   3.0585052e+01
   2.9429804e+01   3.0570196e+01
   2.9476081e+01   3.0523919e+01
   2.9544002e+01   3.0455998e+01
   2.9624594e+01   3.0375406e+01
   2.9710084e+01   3.0289916e+01
   2.9794136e+01   3.0205864e+01
   2.9871924e+01   3.0128076e+01
   2.9963121e+01   3.0036879e+01
   3.0155632e+01   2.9844368e+01
   3.0295625e+01   2.9704375e+01
   3.0386185e+01   2.9613815e+01
   3.0432779e+01   2.9567221e+01
   3.0442433e+01   2.9557567e+01
   3.0422694e+01   2.9577306e+01
   3.0381554e+01   2.9618446e+01
   3.0326300e+01   2.9673700e+01
   3.0263470e+01   2.9736530e+01
   3.0198611e+01   2.9801389e+01
   3.0136152e+01   2.9863848e+01
   3.0079378e+01   2.9920622e+01
   3.0030489e+01   2.9969511e+01
   2.9990705e+01   3.0009295e+01
   2.9960419e+01   3.0039581e+01
   2.9939352e+01   3.0060648e+01
   2.9926724e+01   3.0073276e+01
   2.9921416e+01   3.0078584e+01
   2.9922110e+01   3.0077890e+01
   2.9927416e+01   3.0072584e+01
   2.9935975e+01   3.0064025e+01
   2.9946532e+01   3.0053468e+01
   2.9957993e+01   3.0042007e+01
   2.9969453e+01   3.0030547e+01
   2.9980210e+01   3.0019790e+01
   2.9989764e+01   3.0010236e+01
   2.9997801e+01   3.0002199e+01
   3.0004167e+01   2.9995833e+01
   3.0008850e+01   2.9991150e+01
   3.0011939e+01   2.9988061e+01
   3.0013604e+01   2.9986396e+01
   3.0014062e+01   2.9985938e+01
   3.0013557e+01   2.9986443e+01
   3.0012335e+01   2.9987665e+01
   3.0010632e+01   2.9989368e+01
   3.0008660e+01   2.9991340e+01
   3.0006601e+01   2.9993399e+01
   3.0004600e+01   2.9995400e+01
   3.0002767e+01   2.9997233e+01
   3.0001175e+01   2.9998825e+01
   2.9999869e+01   3.0000131e+01
   2.9998864e+01   3.0001136e+01
   2.9998155e+01   3.0001845e+01
   2.9997717e+01   3.0002283e+01
   2.9997518e+01   3.0002482e+01
   2.9997515e+01   3.0002485e+01
   2.9997665e+01   3.0002335e+01
   2.9997924e+01   3.0002076e+01
   2.9998253e+01   3.0001747e+01
   2.9998614e+01   3.0001386e+01
   2.9998979e+01   3.0001021e+01
   2.9999325e+01   3.0000675e+01
   2.9999634e+01   3.0000366e+01
   2.9999897e+01   3.0000103e+01
   3.0000106e+01   2.9999894e+01
   3.0000263e+01   2.9999737e+01
   3.0000368e+01   2.9999632e+01
   3.0000427e+01   2.9999573e+01
   3.0000446e+01   2.9999554e+01
   3.0000434e+01   2.9999566e+01
   2.9978730e+01   3.0021270e+01
   2.9398964e+01   3.0601036e+01
   2.8980278e+01   3.1019722e+01
   2.8716564e+01   3.1283436e+01
   2.8591259e+01   3.1408741e+01
   2.8580359e+01   3.1419641e+01
   2.8661461e+01   3.1338539e+01
   2.8805106e+01   3.1194894e+01
   2.8989457e+01   3.1010543e+01
   2.9194378e+01   3.0805622e+01
   2.9402699e+01   3.0597301e+01
   2.9600844e+01   3.0399156e+01
   2.9778956e+01   3.0221044e+01
   2.9930659e+01   3.0069341e+01
   3.0052635e+01   2.9947365e+01
   3.0144114e+01   2.9855886e+01
   3.0206340e+01   2.9793660e+01
   3.0242049e+01   2.9757951e+01
   3.0254978e+01   2.9745022e+01
   3.0249425e+01   2.9750575e+01
   3.0229861e+01   2.9770139e+01
   3.0200620e+01   2.9799380e+01
   3.0165660e+01   2.9834340e+01
   3.0128406e+01   2.9871594e+01
   3.0091653e+01   2.9908347e+01
   3.0057539e+01   2.9942461e+01
   3.0027560e+01   2.9972440e+01
   3.0002624e+01   2.9997376e+01
   2.9983124e+01   3.0016876e+01
   2.9969035e+01   3.0030965e+01
   2.9960003e+01   3.0039997e+01
   2.9955448e+01   3.0044552e+01
   2.9954642e+01   3.0045358e+01
   2.9956795e+01   3.0043205e+01
   2.9961109e+01   3.0038891e+01
   2.9966836e+01   3.0033164e+01
   2.9973307e+01   3.0026693e+01
   2.9979961e+01   3.0020039e+01
   2.9986347e+01   3.0013653e+01
   2.9992136e+01   3.0007864e+01
   2.9997106e+01   3.0002894e+01
   2.9758090e+01   3.0241910e+01
   2.9550385e+01   3.0449615e+01
   2.9416629e+01   3.0583371e+01
   2.9348657e+01   3.0651343e+01
   2.9335758e+01   3.0664242e+01
   2.9366821e+01   3.0633179e+01
   2.9429524e+01   3.0570476e+01
   2.9513046e+01   3.0486954e+01
   2.9607638e+01   3.0392362e+01
   2.9705025e+01   3.0294975e+01
   2.9798613e+01   3.0201387e+01
   2.9883522e+01   3.0116478e+01
   2.9956505e+01   3.0043495e+01
   3.0015774e+01   2.9984226e+01
   3.0060783e+01   2.9939217e+01
   3.0091978e+01   2.9908022e+01
   3.0110547e+01   2.9889453e+01
   3.0118185e+01   2.9881815e+01
   3.0116877e+01   2.9883123e+01
   3.0108708e+01   2.9891292e+01
   3.0095718e+01   2.9904282e+01
   3.0079783e+01   2.9920217e+01
   3.0062542e+01   2.9937458e+01
   3.0045341e+01   2.9954659e+01
   3.0029226e+01   2.9970774e+01
   3.0014939e+01   2.9985061e+01
   3.0002945e+01   2.9997055e+01
   2.9993463e+01   3.0006537e+01
   2.9986510e+01   3.0013490e+01
   2.9981943e+01   3.0018057e+01
   2.9979508e+01   3.0020492e+01
   2.9978873e+01   3.0021127e+01
   2.9979675e+01   3.0020325e+01
   2.9981541e+01   3.0018459e+01
   2.9984118e+01   3.0015882e+01
   2.9987089e+01   3.0012911e+01
   2.9990183e+01   3.0009817e+01
   2.9993184e+01   3.0006816e+01
   2.9995929e+01   3.0004071e+01
   2.9998306e+01   3.0001694e+01
   3.0000254e+01   2.9999746e+01
   3.0001749e+01   2.9998251e+01
   3.0002801e+01   2.9997199e+01
   3.0003445e+01   2.9996555e+01
   3.0003734e+01   2.9996266e+01
   3.0003730e+01   2.9996270e+01
   3.0003498e+01   2.9996502e+01
   3.0003104e+01   2.9996896e+01
   3.0002608e+01   2.9997392e+01
   3.0002064e+01   2.9997936e+01
   3.0001516e+01   2.9998484e+01
   3.0000998e+01   2.9999002e+01
   3.0000535e+01   2.9999465e+01
   3.0000143e+01   2.9999857e+01
   2.9999831e+01   3.0000169e+01
   2.9999599e+01   3.0000401e+01
   2.9999443e+01   3.0000557e+01
   2.9999357e+01   3.0000643e+01
   2.9999329e+01   3.0000671e+01
   2.9999349e+01   3.0000651e+01
   2.9999404e+01   3.0000596e+01
   2.9999483e+01   3.0000517e+01
   2.9999576e+01   3.0000424e+01
   2.9999674e+01   3.0000326e+01
   3.0062755e+01   2.9937245e+01
   3.0179859e+01   2.9820141e+01
   3.0259707e+01   2.9740293e+01
   3.0305733e+01   2.9694267e+01
   3.0322699e+01   2.9677301e+01
   3.0316090e+01   2.9683910e+01
   3.0291600e+01   2.9708400e+01
   3.0254762e+01   2.9745238e+01
   3.0210596e+01   2.9789404e+01
   3.0163451e+01   2.9836549e+01
   3.0116881e+01   2.9883119e+01
   3.0073610e+01   2.9926390e+01
   3.0035546e+01   2.9964454e+01
   3.0003849e+01   2.9996151e+01
   2.9979032e+01   3.0020968e+01
   2.9961068e+01   3.0038932e+01
   2.9949520e+01   3.0050480e+01
   2.9943653e+01   3.0056347e+01
   2.9942553e+01   3.0057447e+01
   2.9945217e+01   3.0054783e+01
   2.9950637e+01   3.0049363e+01
   2.9957862e+01   3.0042138e+01
   2.9966045e+01   3.0033955e+01
   2.9974470e+01   3.0025530e+01
   2.9982567e+01   3.0017433e+01
   2.9989913e+01   3.0010087e+01
   2.9996228e+01   3.0003772e+01
   3.0001356e+01   2.9998644e+01
   3.0005250e+01   2.9994750e+01
   3.0007948e+01   2.9992052e+01
   3.0009554e+01   2.9990446e+01
   3.0010215e+01   2.9989785e+01
   3.0010102e+01   2.9989898e+01
   3.0009395e+01   2.9990605e+01
   3.0008272e+01   2.9991728e+01
   3.0006895e+01   2.9993105e+01
   3.0005405e+01   2.9994595e+01
   3.0003918e+01   2.9996082e+01
   3.0002525e+01   2.9997475e+01
   3.0001291e+01   2.9998709e+01
   3.0000254e+01   2.9999746e+01
   2.9999435e+01   3.0000565e+01
   2.9998834e+01   3.0001166e+01
   2.9998439e+01   3.0001561e+01
   2.9998229e+01   3.0001771e+01
   3.0668635e+01   2.9331365e+01
   3.1480500e+01   2.8519500e+01
   3.2033107e+01   2.7966893e+01
   3.2250000e+01   2.7750000e+01
   3.2250000e+01   2.7750000e+01
   3.2250000e+01   2.7750000e+01
   3.2243518e+01   2.7756482e+01
   3.1941432e+01   2.8058568e+01
   3.1588130e+01   2.8411870e+01
   3.1216336e+01   2.8783664e+01
   3.0853289e+01   2.9146711e+01
   3.0519455e+01   2.9480545e+01
   3.0228618e+01   2.9771382e+01
   2.9988687e+01   3.0011313e+01
   2.9802727e+01   3.0197273e+01
   2.9669954e+01   3.0330046e+01
   2.9586640e+01   3.0413360e+01
   2.9546937e+01   3.0453063e+01
   2.9543647e+01   3.0456353e+01
   2.9568919e+01   3.0431081e+01
   2.9614869e+01   3.0385131e+01
   2.9674076e+01   3.0325924e+01
   2.9739949e+01   3.0260051e+01
   2.9806958e+01   3.0193042e+01
   2.9870744e+01   3.0129256e+01
   2.9928124e+01   3.0071876e+01
   2.9977025e+01   3.0022975e+01
   3.0016358e+01   2.9983642e+01
   3.0045863e+01   2.9954137e+01
   3.0065940e+01   2.9934060e+01
   3.0077475e+01   2.9922525e+01
   3.0081680e+01   2.9918320e+01
   3.0079941e+01   2.9920059e+01
   3.0073698e+01   2.9926302e+01
   3.0064345e+01   2.9935655e+01
   3.0053152e+01   2.9946848e+01
   3.0041217e+01   2.9958783e+01
   3.0029438e+01   2.9970562e+01
   3.0018501e+01   2.9981499e+01
   3.0008887e+01   2.9991113e+01
   3.0000887e+01   2.9999113e+01
   2.9994628e+01   3.0005372e+01
   2.9990103e+01   3.0009897e+01
   2.9987200e+01   3.0012800e+01
   2.9985733e+01   3.0014267e+01
   2.9985468e+01   3.0014532e+01
   2.9986152e+01   3.0013848e+01
   2.9987531e+01   3.0012469e+01
   2.9989363e+01   3.0010637e+01
   2.9991436e+01   3.0008564e+01
   2.9993567e+01   3.0006433e+01
   2.9995614e+01   3.0004386e+01
   2.9997470e+01   3.0002530e+01
   2.9999064e+01   3.0000936e+01
   3.0000358e+01   2.9999642e+01
   3.0001339e+01   2.9998661e+01
   3.0002018e+01   2.9997982e+01
   3.0002421e+01   2.9997579e+01
   3.0002585e+01   2.9997415e+01
   3.0002554e+01   2.9997446e+01
   3.0002374e+01   2.9997626e+01
   3.0002089e+01   2.9997911e+01
   3.0001740e+01   2.9998260e+01
   3.0001363e+01   2.9998637e+01
   3.0000987e+01   2.9999013e+01
   3.0000635e+01   2.9999365e+01
   2.9340373e+01   3.0659627e+01
   2.7759181e+01   3.2240819e+01
   2.7750000e+01   3.2250000e+01
   2.7750000e+01   3.2250000e+01
   2.7750000e+01   3.2250000e+01
   2.7750000e+01   3.2250000e+01
   2.7750000e+01   3.2250000e+01
   2.7750000e+01   3.2250000e+01
   2.7750000e+01   3.2250000e+01
   2.7750000e+01   3.2250000e+01
   2.7750000e+01   3.2250000e+01
   2.7750000e+01   3.2250000e+01
   2.7750000e+01   3.2250000e+01
   2.7750000e+01   3.2250000e+01
   2.7750000e+01   3.2250000e+01
   2.7750000e+01   3.2250000e+01
   2.7750000e+01   3.2250000e+01
   2.7750000e+01   3.2250000e+01
   2.7750000e+01   3.2250000e+01
   2.8627152e+01   3.1372848e+01
   2.9528754e+01   3.0471246e+01
   3.0277414e+01   2.9722586e+01
   3.0874627e+01   2.9125373e+01
   3.1322558e+01   2.8677442e+01
   3.1623677e+01   2.8376323e+01
   3.1783847e+01   2.8216153e+01
   3.1815215e+01   2.8184785e+01
   3.1736855e+01   2.8263145e+01
   3.1573090e+01   2.8426910e+01
   3.1350554e+01   2.8649446e+01
   3.1095179e+01   2.8904821e+01
   3.0829891e+01   2.9170109e+01
   3.0573277e+01   2.9426723e+01
   3.0339156e+01   2.9660844e+01
   3.0136766e+01   2.9863234e+01
   2.9971285e+01   3.0028715e+01
   2.9844497e+01   3.0155503e+01
   3.0977684e+01   2.9022316e+01
   3.2250000e+01   2.7750000e+01
   3.2250000e+01   2.7750000e+01
   3.2250000e+01   2.7750000e+01
   3.2250000e+01   2.7750000e+01
   3.2250000e+01   2.7750000e+01
   3.2250000e+01   2.7750000e+01
   3.2250000e+01   2.7750000e+01
   3.2250000e+01   2.7750000e+01
   3.2250000e+01   2.7750000e+01
   3.2250000e+01   2.7750000e+01
   3.2250000e+01   2.7750000e+01
   3.2250000e+01   2.7750000e+01
   3.2250000e+01   2.7750000e+01
   3.2250000e+01   2.7750000e+01
   3.2250000e+01   2.7750000e+01
   3.2250000e+01   2.7750000e+01
   3.2250000e+01   2.7750000e+01
   3.2250000e+01   2.7750000e+01
   3.2250000e+01   2.7750000e+01
   3.2250000e+01   2.7750000e+01
   3.2250000e+01   2.7750000e+01
   3.2250000e+01   2.7750000e+01
   3.2250000e+01   2.7750000e+01
   3.2250000e+01   2.7750000e+01
   3.1673082e+01   2.8326918e+01
   3.0660430e+01   2.9339570e+01
   2.9806505e+01   3.0193495e+01
   2.9089287e+01   3.0910713e+01
   2.8496075e+01   3.1503925e+01
   2.8028128e+01   3.1971872e+01
   2.7750000e+01   3.2250000e+01
   2.7750000e+01   3.2250000e+01
   2.7750000e+01   3.2250000e+01
   2.7750000e+01   3.2250000e+01
   2.7750000e+01   3.2250000e+01
   2.7835287e+01   3.2164713e+01
   2.8223157e+01   3.1776843e+01
   2.8633534e+01   3.1366466e+01
   2.9035811e+01   3.0964189e+01
   2.9406878e+01   3.0593122e+01
   2.9731134e+01   3.0268866e+01
   2.9999563e+01   3.0000437e+01
   3.0208541e+01   2.9791459e+01
   3.0358706e+01   2.9641294e+01
   3.0453963e+01   2.9546037e+01
   3.0500599e+01   2.9499401e+01
   3.0506455e+01   2.9493545e+01
   3.0480155e+01   2.9519845e+01
   3.0430423e+01   2.9569577e+01
   3.0365514e+01   2.9634486e+01
   3.0292795e+01   2.9707205e+01
   3.0218471e+01   2.9781529e+01
   3.0147455e+01   2.9852545e+01
   3.0083353e+01   2.9916647e+01
   3.0028536e+01   2.9971464e+01
   2.9984274e+01   3.0015726e+01
   2.9950907e+01   3.0049093e+01
   2.9928031e+01   3.0071969e+01
   2.9914693e+01   3.0085307e+01
   2.9909570e+01   3.0090430e+01
   2.9997280e+01   3.0002720e+01
   3.0059922e+01   2.9940078e+01
   3.0062984e+01   2.9937016e+01
   3.0076975e+01   2.9923025e+01
   3.0134407e+01   2.9865593e+01
   3.2250000e+01   2.7750000e+01
   3.0769312e+01   2.9230688e+01
   3.0610353e+01   2.9389647e+01
   3.0583171e+01   2.9416829e+01
   3.0604865e+01   2.9395135e+01
   3.0657131e+01   2.9342869e+01
   3.0735482e+01   2.9264518e+01
   3.0840370e+01   2.9159630e+01
   3.0974845e+01   2.9025155e+01
   3.1143841e+01   2.8856159e+01
   3.1353991e+01   2.8646009e+01
   3.1613631e+01   2.8386369e+01
   3.1932800e+01   2.8067200e+01
   3.2250000e+01   2.7750000e+01
   3.2250000e+01   2.7750000e+01
   3.2250000e+01   2.7750000e+01
   3.2250000e+01   2.7750000e+01
   3.2250000e+01   2.7750000e+01
   3.2250000e+01   2.7750000e+01
   3.2250000e+01   2.7750000e+01
   3.2250000e+01   2.7750000e+01
   3.2250000e+01   2.7750000e+01
   3.2250000e+01   2.7750000e+01
   3.2250000e+01   2.7750000e+01
   3.2250000e+01   2.7750000e+01
   3.2250000e+01   2.7750000e+01
   3.2250000e+01   2.7750000e+01
   3.2250000e+01   2.7750000e+01
   3.2250000e+01   2.7750000e+01
   3.2250000e+01   2.7750000e+01
   3.2250000e+01   2.7750000e+01
   3.2250000e+01   2.7750000e+01
   3.2250000e+01   2.7750000e+01
   3.2250000e+01   2.7750000e+01
   3.2250000e+01   2.7750000e+01
   3.2250000e+01   2.7750000e+01
   3.2250000e+01   2.7750000e+01
   3.2250000e+01   2.7750000e+01
   3.2250000e+01   2.7750000e+01
   3.2250000e+01   2.7750000e+01
   3.2250000e+01   2.7750000e+01
   3.2250000e+01   2.7750000e+01
   3.2250000e+01   2.7750000e+01
   3.2250000e+01   2.7750000e+01
   3.2250000e+01   2.7750000e+01
   3.2250000e+01   2.7750000e+01
   3.2250000e+01   2.7750000e+01
   3.2250000e+01   2.7750000e+01
   3.2250000e+01   2.7750000e+01
   3.2250000e+01   2.7750000e+01
   3.2250000e+01   2.7750000e+01
   3.2250000e+01   2.7750000e+01
   3.2250000e+01   2.7750000e+01
   3.2250000e+01   2.7750000e+01
   3.2250000e+01   2.7750000e+01
   3.2250000e+01   2.7750000e+01
   3.2250000e+01   2.7750000e+01
   3.2250000e+01   2.7750000e+01
   3.2250000e+01   2.7750000e+01
   3.2250000e+01   2.7750000e+01
   3.2250000e+01   2.7750000e+01
   3.2250000e+01   2.7750000e+01
   3.2250000e+01   2.7750000e+01
   2.7750000e+01   3.2250000e+01
   2.7750000e+01   3.2250000e+01
   2.7750000e+01   3.2250000e+01
   2.7750000e+01   3.2250000e+01
   2.7750000e+01   3.2250000e+01
   2.7750000e+01   3.2250000e+01
   2.7750000e+01   3.2250000e+01
   2.7750000e+01   3.2250000e+01
   2.7750000e+01   3.2250000e+01
   2.7750000e+01   3.2250000e+01
   2.7750000e+01   3.2250000e+01
   2.7750000e+01   3.2250000e+01
   2.7750000e+01   3.2250000e+01
   2.7750000e+01   3.2250000e+01
   2.8595218e+01   3.1404782e+01
   2.9395839e+01   3.0604161e+01
   3.0062930e+01   2.9937070e+01
   3.0592142e+01   2.9407858e+01
   3.0984654e+01   2.9015346e+01
   3.1245568e+01   2.8754432e+01
   3.1384325e+01   2.8615675e+01
   3.1415164e+01   2.8584836e+01
   3.1356568e+01   2.8643432e+01
   3.1229709e+01   2.8770291e+01
   3.1056426e+01   2.8943574e+01
   3.0857317e+01   2.9142683e+01
   3.0650327e+01   2.9349673e+01
   3.0449955e+01   2.9550045e+01
   3.0267008e+01   2.9732992e+01
   3.0108755e+01   2.9891245e+01
   2.9979298e+01   3.0020702e+01
   2.9880069e+01   3.0119931e+01
   2.9810353e+01   3.0189647e+01
   2.9767809e+01   3.0232191e+01
   2.9748969e+01   3.0251031e+01
   2.9749691e+01   3.0250309e+01
   2.9765558e+01   3.0234442e+01
   2.9792212e+01   3.0207788e+01
   2.9825603e+01   3.0174397e+01
   2.9862176e+01   3.0137824e+01
   2.9898977e+01   3.0101023e+01
   2.9933702e+01   3.0066298e+01
   2.9964690e+01   3.0035310e+01
   2.9990885e+01   3.0009115e+01
   3.0011757e+01   2.9988243e+01
   3.0027224e+01   2.9972776e+01
   3.0037553e+01   2.9962447e+01
   3.0043265e+01   2.9956735e+01
   3.0045046e+01   2.9954954e+01
   3.0043669e+01   2.9956331e+01
   3.0039928e+01   2.9960072e+01
   3.0034582e+01   2.9965418e+01
   3.0028319e+01   2.9971681e+01
   3.0021728e+01   2.9978272e+01
   3.0015286e+01   2.9984714e+01
   3.0009355e+01   2.9990645e+01
   3.0004182e+01   2.9995818e+01
   2.9999915e+01   3.0000085e+01
   2.9996611e+01   3.0003389e+01
   2.9994256e+01   3.0005744e+01
   2.9992781e+01   3.0007219e+01
   2.9992079e+01   3.0007921e+01
   2.9816142e+01   3.0183858e+01
   2.9546394e+01   3.0453606e+01
   2.9364445e+01   3.0635555e+01
   2.9262232e+01   3.0737768e+01
   2.9228272e+01   3.0771728e+01
   2.9249317e+01   3.0750683e+01
   2.9311704e+01   3.0688296e+01
   2.9402134e+01   3.0597866e+01
   2.9508867e+01   3.0491133e+01
   2.9621725e+01   3.0378275e+01
   2.9732414e+01   3.0267586e+01
   2.9834638e+01   3.0165362e+01
   2.9924043e+01   3.0075957e+01
   2.9998037e+01   3.0001963e+01
   3.0055556e+01   2.9944444e+01
   3.0096779e+01   2.9903221e+01
   3.0122837e+01   2.9877163e+01
   3.0135536e+01   2.9864464e+01
   3.0137093e+01   2.9862907e+01
   3.0129910e+01   2.9870090e+01
   3.0116387e+01   2.9883613e+01
   3.0098775e+01   2.9901225e+01
   3.0079068e+01   2.9920932e+01
   3.0058945e+01   2.9941055e+01
   3.0039730e+01   2.9960270e+01
   3.0022396e+01   2.9977604e+01
   3.0007583e+01   2.9992417e+01
   2.9995630e+01   3.0004370e+01
   2.9986628e+01   3.0013372e+01
   2.9980466e+01   3.0019534e+01
   2.9976883e+01   3.0023117e+01
   2.9975519e+01   3.0024481e+01
   2.9975961e+01   3.0024039e+01
   2.9977775e+01   3.0022225e+01
   2.9980542e+01   3.0019458e+01
   2.9983880e+01   3.0016120e+01
   2.9987455e+01   3.0012545e+01
   2.9990996e+01   3.0009004e+01
   2.9994293e+01   3.0005707e+01
   2.9997199e+01   3.0002801e+01
   2.9999625e+01   3.0000375e+01
   3.0001529e+01   2.9998471e+01
   3.0002912e+01   2.9997088e+01
   3.0003806e+01   2.9996194e+01
   3.0004266e+01   2.9995734e+01
   3.0004362e+01   2.9995638e+01
   3.0004169e+01   2.9995831e+01
   3.0003765e+01   2.9996235e+01
   3.0003220e+01   2.9996780e+01
   3.0002601e+01   2.9997399e+01
   3.0001961e+01   2.9998039e+01
   3.0001345e+01   2.9998655e+01
   3.0000785e+01   2.9999215e+01
   3.0000303e+01   2.9999697e+01
   2.9999910e+01   3.0000090e+01
   2.9999611e+01   3.0000389e+01
   2.9087891e+01   3.0912109e+01
   2.8169488e+01   3.1830512e+01
   2.7750000e+01   3.2250000e+01
   2.7750000e+01   3.2250000e+01
   2.7750000e+01   3.2250000e+01
   2.7750000e+01   3.2250000e+01
   2.7750000e+01   3.2250000e+01
   2.7750000e+01   3.2250000e+01
   2.7750000e+01   3.2250000e+01
   2.7884334e+01   3.2115666e+01
   2.8433305e+01   3.1566695e+01
   2.8955394e+01   3.1044606e+01
   2.9424401e+01   3.0575599e+01
   2.9824143e+01   3.0175857e+01
   3.0146532e+01   2.9853468e+01
   3.0389693e+01   2.9610307e+01
   3.0556508e+01   2.9443492e+01
   3.0653496e+01   2.9346504e+01
   3.0689837e+01   2.9310163e+01
   3.0676415e+01   2.9323585e+01
   3.0624871e+01   2.9375129e+01
   3.0546723e+01   2.9453277e+01
   3.0452650e+01   2.9547350e+01
   3.0351971e+01   2.9648029e+01
   3.0252338e+01   2.9747662e+01
   3.0159622e+01   2.9840378e+01
   3.0077944e+01   2.9922056e+01
   3.0009824e+01   2.9990176e+01
   2.9956383e+01   3.0043617e+01
   2.9917598e+01   3.0082402e+01
   2.9892553e+01   3.0107447e+01
   2.9879701e+01   3.0120299e+01
   2.9877094e+01   3.0122906e+01
   2.9882594e+01   3.0117406e+01
   2.9894047e+01   3.0105953e+01
   2.9909415e+01   3.0090585e+01
   2.9926880e+01   3.0073120e+01
   2.9944900e+01   3.0055100e+01
   2.9962249e+01   3.0037751e+01
   2.9978014e+01   3.0021986e+01
   2.9991587e+01   3.0008413e+01
   3.0002627e+01   2.9997373e+01
   3.0011029e+01   2.9988971e+01
   3.0016869e+01   2.9983131e+01
   3.0020365e+01   2.9979635e+01
   3.0021830e+01   2.9978170e+01
   3.0021629e+01   2.9978371e+01
   3.0020149e+01   2.9979851e+01
   3.0017768e+01   2.9982232e+01
   3.0014834e+01   2.9985166e+01
   3.0011650e+01   2.9988350e+01
   3.0008467e+01   2.9991533e+01
   3.0047554e+01   2.9952446e+01
   3.0332661e+01   2.9667339e+01
   3.0534074e+01   2.9465926e+01
   3.0657718e+01   2.9342282e+01
   3.0713248e+01   2.9286752e+01
   3.0712621e+01   2.9287379e+01
   3.0668222e+01   2.9331778e+01
   3.0593014e+01   2.9406986e+01
   3.0498402e+01   2.9501598e+01
   3.0394504e+01   2.9605496e+01
   3.0289767e+01   2.9710233e+01
   3.0190799e+01   2.9809201e+01
   3.0102366e+01   2.9897634e+01
   3.0027512e+01   2.9972488e+01
   2.9967766e+01   3.0032234e+01
   2.9923392e+01   3.0076608e+01
   2.9893657e+01   3.0106343e+01
   2.9877097e+01   3.0122903e+01
   2.9871773e+01   3.0128227e+01
   2.9875491e+01   3.0124509e+01
   2.9885996e+01   3.0114004e+01
   2.9901122e+01   3.0098878e+01
   2.9918906e+01   3.0081094e+01
   2.9937663e+01   3.0062337e+01
   2.9956026e+01   3.0043974e+01
   2.9972958e+01   3.0027042e+01
   2.9987746e+01   3.0012254e+01
   2.9999963e+01   3.0000037e+01
   3.0009441e+01   2.9990559e+01
   3.0016213e+01   2.9983787e+01
   3.0020472e+01   2.9979528e+01
   3.0022522e+01   2.9977478e+01
   3.0022732e+01   2.9977268e+01
   3.0021504e+01   2.9978496e+01
   3.0019235e+01   2.9980765e+01
   3.0016297e+01   2.9983703e+01
   3.0013022e+01   2.9986978e+01
   3.0009684e+01   2.9990316e+01
   3.0006503e+01   2.9993497e+01
   3.0003637e+01   2.9996363e+01
   3.0001193e+01   2.9998807e+01
   2.9999224e+01   3.0000776e+01
   2.9997744e+01   3.0002256e+01
   2.9996735e+01   3.0003265e+01
   2.9996152e+01   3.0003848e+01
   2.9995936e+01   3.0004064e+01
   2.9996017e+01   3.0003983e+01
   2.9996324e+01   3.0003676e+01
   2.9996787e+01   3.0003213e+01
   2.9997342e+01   3.0002658e+01
   2.9997936e+01   3.0002064e+01
   2.9998523e+01   3.0001477e+01
   3.0405875e+01   2.9594125e+01
   3.0742535e+01   2.9257465e+01
   3.0959019e+01   2.9040981e+01
   3.1067984e+01   2.8932016e+01
   3.1087293e+01   2.8912707e+01
   3.1034079e+01   2.8965921e+01
   3.0930142e+01   2.9069858e+01
   3.0792721e+01   2.9207279e+01
   3.0637585e+01   2.9362415e+01
   3.0478202e+01   2.9521798e+01
   3.0325309e+01   2.9674691e+01
   3.0186818e+01   2.9813182e+01
   3.0067963e+01   2.9932037e+01
   2.9971594e+01   3.0028406e+01
   2.9898551e+01   3.0101449e+01
   2.9848069e+01   3.0151931e+01
   2.9818182e+01   3.0181818e+01
   2.9806110e+01   3.0193890e+01
   2.9808603e+01   3.0191397e+01
   2.9822248e+01   3.0177752e+01
   2.9843711e+01   3.0156289e+01
   2.9869924e+01   3.0130076e+01
   2.9898216e+01   3.0101784e+01
   2.9926389e+01   3.0073611e+01
   2.9952744e+01   3.0047256e+01
   2.9976076e+01   3.0023924e+01
   2.9995635e+01   3.0004365e+01
   3.0011071e+01   2.9988929e+01
   3.0022364e+01   2.9977636e+01
   3.0029753e+01   2.9970247e+01
   3.0033662e+01   2.9966338e+01
   3.0034632e+01   2.9965368e+01
   3.0033264e+01   2.9966736e+01
   3.0030167e+01   2.9969833e+01
   3.0025918e+01   2.9974082e+01
   3.0021036e+01   2.9978964e+01
   3.0015963e+01   2.9984037e+01
   3.0011050e+01   2.9988950e+01
   3.0006564e+01   2.9993436e+01
   3.0002684e+01   2.9997316e+01
   2.9999510e+01   3.0000490e+01
   2.9997078e+01   3.0002922e+01
   2.9995372e+01   3.0004628e+01
   2.9994331e+01   3.0005669e+01
   2.9993872e+01   3.0006128e+01
   2.9993891e+01   3.0006109e+01
   2.9994279e+01   3.0005721e+01
   2.9994931e+01   3.0005069e+01
   2.9995746e+01   3.0004254e+01
   2.9996639e+01   3.0003361e+01
   2.9997538e+01   3.0002462e+01
   2.9998385e+01   3.0001615e+01
   2.9999141e+01   3.0000859e+01
   2.9999780e+01   3.0000220e+01
   3.0000289e+01   2.9999711e+01
   3.0000666e+01   2.9999334e+01
   3.0000918e+01   2.9999082e+01
   3.0001056e+01   2.9998944e+01
   3.0001100e+01   2.9998900e+01
   3.0001066e+01   2.9998934e+01
   3.0000974e+01   2.9999026e+01
   3.0000843e+01   2.9999157e+01
   3.0000690e+01   2.9999310e+01
   3.0000530e+01   2.9999470e+01
   3.0000372e+01   2.9999628e+01
   3.0355016e+01   2.9644984e+01
   3.1574207e+01   2.8425793e+01
   3.2250000e+01   2.7750000e+01
   3.2250000e+01   2.7750000e+01
   3.2250000e+01   2.7750000e+01
   3.2250000e+01   2.7750000e+01
   3.2250000e+01   2.7750000e+01
   3.2250000e+01   2.7750000e+01
   3.2250000e+01   2.7750000e+01
   3.2250000e+01   2.7750000e+01
   3.2250000e+01   2.7750000e+01
   3.2250000e+01   2.7750000e+01
   3.2159328e+01   2.7840672e+01
   3.1432429e+01   2.8567571e+01
   3.0780633e+01   2.9219367e+01
   3.0225177e+01   2.9774823e+01
   2.9775913e+01   3.0224087e+01
   2.9434955e+01   3.0565045e+01
   2.9198857e+01   3.0801143e+01
   2.9059711e+01   3.0940289e+01
   2.9005923e+01   3.0994077e+01
   2.9023139e+01   3.0976861e+01
   2.9095439e+01   3.0904561e+01
   2.9206626e+01   3.0793374e+01
   2.9341408e+01   3.0658592e+01
   2.9486288e+01   3.0513712e+01
   2.9630115e+01   3.0369885e+01
   2.9764304e+01   3.0235696e+01
   2.9882805e+01   3.0117195e+01
   2.9981899e+01   3.0018101e+01
   3.0059887e+01   2.9940113e+01
   3.0116738e+01   2.9883262e+01
   3.0153713e+01   2.9846287e+01
   3.0173002e+01   2.9826998e+01
   3.0177385e+01   2.9822615e+01
   3.0169932e+01   2.9830068e+01
   3.0153751e+01   2.9846249e+01
   3.0131790e+01   2.9868210e+01
   3.0106690e+01   2.9893310e+01
   3.0080693e+01   2.9919307e+01
   3.0055591e+01   2.9944409e+01
   3.0032721e+01   2.9967279e+01
   3.0012981e+01   2.9987019e+01
   2.9996878e+01   3.0003122e+01
   2.9984581e+01   3.0015419e+01
   2.9975988e+01   3.0024012e+01
   2.8714946e+01   3.1285054e+01
   2.7750000e+01   3.2250000e+01
   2.7750000e+01   3.2250000e+01
   2.7750000e+01   3.2250000e+01
   2.7750000e+01   3.2250000e+01
   2.7750000e+01   3.2250000e+01
   2.7750000e+01   3.2250000e+01
   2.7750000e+01   3.2250000e+01
   2.7750000e+01   3.2250000e+01
   2.7750000e+01   3.2250000e+01
   2.7750000e+01   3.2250000e+01
   2.7750000e+01   3.2250000e+01
   2.7821244e+01   3.2178756e+01
   2.8593246e+01   3.1406754e+01
   2.9278712e+01   3.0721288e+01
   2.9857825e+01   3.0142175e+01
   3.0322215e+01   2.9677785e+01
   3.0670915e+01   2.9329085e+01
   3.0908261e+01   2.9091739e+01
   3.1043028e+01   2.8956972e+01
   3.1087829e+01   2.8912171e+01
   3.1058222e+01   2.8941778e+01
   3.0971431e+01   2.9028569e+01
   3.0844917e+01   2.9155083e+01
   3.0695076e+01   2.9304924e+01
   3.0536274e+01   2.9463726e+01
   3.0380267e+01   2.9619733e+01
   3.0235997e+01   2.9764003e+01
   3.0109655e+01   2.9890345e+01
   3.0004935e+01   2.9995065e+01
   2.9923377e+01   3.0076623e+01
   2.9864771e+01   3.0135229e+01
   2.9827558e+01   3.0172442e+01
   2.9809226e+01   3.0190774e+01
   2.9806670e+01   3.0193330e+01
   2.9816515e+01   3.0183485e+01
   2.9835380e+01   3.0164620e+01
   2.9860088e+01   3.0139912e+01
   2.9887816e+01   3.0112184e+01
   2.9916187e+01   3.0083813e+01
   2.9943322e+01   3.0056678e+01
   2.9967834e+01   3.0032166e+01
   2.9988814e+01   3.0011186e+01
   3.0005769e+01   2.9994231e+01
   3.0018564e+01   2.9981436e+01
   3.0027351e+01   2.9972649e+01
   3.0032491e+01   2.9967509e+01
   3.0034488e+01   2.9965512e+01
   3.0033925e+01   2.9966075e+01
   3.0031412e+01   2.9968588e+01
   3.0027540e+01   2.9972460e+01
   3.0022850e+01   2.9977150e+01
   3.0017815e+01   2.9982185e+01
   3.0744707e+01   2.9255293e+01
   3.1987975e+01   2.8012025e+01
   3.2250000e+01   2.7750000e+01
   3.2250000e+01   2.7750000e+01
   3.2250000e+01   2.7750000e+01
   3.2250000e+01   2.7750000e+01
   3.2250000e+01   2.7750000e+01
   3.2250000e+01   2.7750000e+01
   3.2250000e+01   2.7750000e+01
   3.2250000e+01   2.7750000e+01
   3.2250000e+01   2.7750000e+01
   3.2250000e+01   2.7750000e+01
   3.2250000e+01   2.7750000e+01
   3.2250000e+01   2.7750000e+01
   3.1641573e+01   2.8358427e+01
   3.0880402e+01   2.9119598e+01
   3.0232473e+01   2.9767527e+01
   2.9707529e+01   3.0292471e+01
   2.9307314e+01   3.0692686e+01
   2.9028268e+01   3.0971732e+01
   2.8862317e+01   3.1137683e+01
   2.8797135e+01   3.1202865e+01
   2.8816772e+01   3.1183228e+01
   2.8902892e+01   3.1097108e+01
   2.9036367e+01   3.0963633e+01
   2.9198838e+01   3.0801162e+01
   2.9373945e+01   3.0626055e+01
   2.9548108e+01   3.0451892e+01
   2.9710848e+01   3.0289152e+01
   2.9854767e+01   3.0145233e+01
   2.9975302e+01   3.0024698e+01
   3.0070347e+01   2.9929653e+01
   3.0139814e+01   2.9860186e+01
   3.0185187e+01   2.9814813e+01
   3.0209081e+01   2.9790919e+01
   3.0214840e+01   2.9785160e+01
   3.0206167e+01   2.9793833e+01
   3.0186824e+01   2.9813176e+01
   3.0160387e+01   2.9839613e+01
   3.0130065e+01   2.9869935e+01
   3.0098586e+01   2.9901414e+01
   3.0771411e+01   2.9228589e+01
   3.2250000e+01   2.7750000e+01
   3.2250000e+01   2.7750000e+01
   3.2250000e+01   2.7750000e+01
   3.2250000e+01   2.7750000e+01
   3.2250000e+01   2.7750000e+01
   3.2250000e+01   2.7750000e+01
   3.2250000e+01   2.7750000e+01
   3.2250000e+01   2.7750000e+01
   3.2250000e+01   2.7750000e+01
   3.2250000e+01   2.7750000e+01
   3.2250000e+01   2.7750000e+01
   3.2250000e+01   2.7750000e+01
   3.2250000e+01   2.7750000e+01
   3.2250000e+01   2.7750000e+01
   3.2250000e+01   2.7750000e+01
   3.2250000e+01   2.7750000e+01
   3.2250000e+01   2.7750000e+01
   3.2250000e+01   2.7750000e+01
   3.2250000e+01   2.7750000e+01
   3.2250000e+01   2.7750000e+01
   3.2250000e+01   2.7750000e+01
   3.2250000e+01   2.7750000e+01
   3.2250000e+01   2.7750000e+01
   3.2250000e+01   2.7750000e+01
   3.2250000e+01   2.7750000e+01
   3.2250000e+01   2.7750000e+01
   3.2250000e+01   2.7750000e+01
   3.2250000e+01   2.7750000e+01
   3.2250000e+01   2.7750000e+01
   3.2250000e+01   2.7750000e+01
   3.2250000e+01   2.7750000e+01
   3.2250000e+01   2.7750000e+01
   3.2250000e+01   2.7750000e+01
   3.2250000e+01   2.7750000e+01
   3.2250000e+01   2.7750000e+01
   3.2250000e+01   2.7750000e+01
   3.2250000e+01   2.7750000e+01
   3.2250000e+01   2.7750000e+01
   3.2250000e+01   2.7750000e+01
   3.2250000e+01   2.7750000e+01
   3.2250000e+01   2.7750000e+01
   3.2250000e+01   2.7750000e+01
   3.2250000e+01   2.7750000e+01
   3.2250000e+01   2.7750000e+01
   3.2250000e+01   2.7750000e+01
   3.2250000e+01   2.7750000e+01
   3.2250000e+01   2.7750000e+01
   3.2250000e+01   2.7750000e+01
   3.2250000e+01   2.7750000e+01
   3.2250000e+01   2.7750000e+01
   3.2250000e+01   2.7750000e+01
   3.2250000e+01   2.7750000e+01
   3.2250000e+01   2.7750000e+01
   3.2250000e+01   2.7750000e+01
   3.2250000e+01   2.7750000e+01
   3.2250000e+01   2.7750000e+01
   3.2250000e+01   2.7750000e+01
   3.2250000e+01   2.7750000e+01
   3.2250000e+01   2.7750000e+01
   3.2250000e+01   2.7750000e+01
   3.2250000e+01   2.7750000e+01
   3.2250000e+01   2.7750000e+01
   3.2250000e+01   2.7750000e+01
   3.2250000e+01   2.7750000e+01
   3.2250000e+01   2.7750000e+01
   3.2250000e+01   2.7750000e+01
   3.2250000e+01   2.7750000e+01
   3.2250000e+01   2.7750000e+01
   3.2250000e+01   2.7750000e+01
   3.2250000e+01   2.7750000e+01
   3.2250000e+01   2.7750000e+01
   3.2250000e+01   2.7750000e+01
   2.7750000e+01   3.2250000e+01
   2.7750000e+01   3.2250000e+01
   2.7750000e+01   3.2250000e+01
   2.7750000e+01   3.2250000e+01
   2.7750000e+01   3.2250000e+01
   2.7750000e+01   3.2250000e+01
   2.7750000e+01   3.2250000e+01
   2.7750000e+01   3.2250000e+01
   2.7750000e+01   3.2250000e+01
   2.7750000e+01   3.2250000e+01
   2.7750000e+01   3.2250000e+01
   2.7750000e+01   3.2250000e+01
   2.7750000e+01   3.2250000e+01
   2.7750000e+01   3.2250000e+01
   2.8595218e+01   3.1404782e+01
   2.9395839e+01   3.0604161e+01
   3.0062930e+01   2.9937070e+01
   3.0592142e+01   2.9407858e+01
   3.0984654e+01   2.9015346e+01
   3.1245568e+01   2.8754432e+01
   3.1384325e+01   2.8615675e+01
   3.1415164e+01   2.8584836e+01
   3.1356568e+01   2.8643432e+01
   3.1229709e+01   2.8770291e+01
   3.1056426e+01   2.8943574e+01
   3.0857317e+01   2.9142683e+01
   3.0650327e+01   2.9349673e+01
   3.0449955e+01   2.9550045e+01
   3.0267008e+01   2.9732992e+01
   3.0108755e+01   2.9891245e+01
   2.9979298e+01   3.0020702e+01
   2.9880069e+01   3.0119931e+01
   2.9810353e+01   3.0189647e+01
   2.9767809e+01   3.0232191e+01
   2.9748969e+01   3.0251031e+01
   2.9749691e+01   3.0250309e+01
   2.9765558e+01   3.0234442e+01
   2.9792212e+01   3.0207788e+01
   2.9825603e+01   3.0174397e+01
   2.9862176e+01   3.0137824e+01
   2.9898977e+01   3.0101023e+01
   2.9933702e+01   3.0066298e+01
   2.9964690e+01   3.0035310e+01
   2.9990885e+01   3.0009115e+01
   3.0011757e+01   2.9988243e+01
   3.0027224e+01   2.9972776e+01
   3.0037553e+01   2.9962447e+01
   3.0043265e+01   2.9956735e+01
   3.0045046e+01   2.9954954e+01
   3.0043669e+01   2.9956331e+01
   3.0039928e+01   2.9960072e+01
   3.0034582e+01   2.9965418e+01
   3.0028319e+01   2.9971681e+01
   3.0021728e+01   2.9978272e+01
   3.0015286e+01   2.9984714e+01
   3.0009355e+01   2.9990645e+01
   3.0004182e+01   2.9995818e+01
   2.9999915e+01   3.0000085e+01
   2.9996611e+01   3.0003389e+01
   2.9994256e+01   3.0005744e+01
   2.9992781e+01   3.0007219e+01
   2.9992079e+01   3.0007921e+01
   2.9816142e+01   3.0183858e+01
   2.9546394e+01   3.0453606e+01
   2.9364445e+01   3.0635555e+01
   2.9262232e+01   3.0737768e+01
   2.9228272e+01   3.0771728e+01
   2.9249317e+01   3.0750683e+01
   2.9311704e+01   3.0688296e+01
   2.9402134e+01   3.0597866e+01
   2.9508867e+01   3.0491133e+01
   2.9621725e+01   3.0378275e+01
   2.9732414e+01   3.0267586e+01
   2.9834638e+01   3.0165362e+01
   2.9924043e+01   3.0075957e+01
   2.9998037e+01   3.0001963e+01
   3.0055556e+01   2.9944444e+01
   3.0096779e+01   2.9903221e+01
   3.0122837e+01   2.9877163e+01
   3.0135536e+01   2.9864464e+01
   3.0137093e+01   2.9862907e+01
   3.0129910e+01   2.9870090e+01
   3.0116387e+01   2.9883613e+01
   3.0098775e+01   2.9901225e+01
   3.0079068e+01   2.9920932e+01
   3.0058945e+01   2.9941055e+01
   3.0039730e+01   2.9960270e+01
   3.0022396e+01   2.9977604e+01
   3.0007583e+01   2.9992417e+01
   2.9995630e+01   3.0004370e+01
   2.9986628e+01   3.0013372e+01
   2.9980466e+01   3.0019534e+01
   2.9976883e+01   3.0023117e+01
   2.9975519e+01   3.0024481e+01
   2.9975961e+01   3.0024039e+01
   2.9977775e+01   3.0022225e+01
   2.9980542e+01   3.0019458e+01
   2.9983880e+01   3.0016120e+01
   2.9987455e+01   3.0012545e+01
   2.9990996e+01   3.0009004e+01
   2.9994293e+01   3.0005707e+01
   2.9997199e+01   3.0002801e+01
   2.9999625e+01   3.0000375e+01
   3.0001529e+01   2.9998471e+01
   3.0002912e+01   2.9997088e+01
   3.0003806e+01   2.9996194e+01
   3.0004266e+01   2.9995734e+01
   3.0004362e+01   2.9995638e+01
   3.0004169e+01   2.9995831e+01
   3.0003765e+01   2.9996235e+01
   3.0003220e+01   2.9996780e+01
   3.0002601e+01   2.9997399e+01
   3.0001961e+01   2.9998039e+01
   3.0001345e+01   2.9998655e+01
   3.0000785e+01   2.9999215e+01
   3.0000303e+01   2.9999697e+01
   2.9999910e+01   3.0000090e+01
   2.9999611e+01   3.0000389e+01
   2.9087891e+01   3.0912109e+01
   2.8169488e+01   3.1830512e+01
   2.7750000e+01   3.2250000e+01
   2.7750000e+01   3.2250000e+01
   2.7750000e+01   3.2250000e+01
   2.7750000e+01   3.2250000e+01
   2.7750000e+01   3.2250000e+01
   2.7750000e+01   3.2250000e+01
   2.7750000e+01   3.2250000e+01
   2.7884334e+01   3.2115666e+01
   2.8433305e+01   3.1566695e+01
   2.8955394e+01   3.1044606e+01
   2.9424401e+01   3.0575599e+01
   2.9824143e+01   3.0175857e+01
   3.0146532e+01   2.9853468e+01
   3.0389693e+01   2.9610307e+01
   3.0556508e+01   2.9443492e+01
   3.0653496e+01   2.9346504e+01
   3.0689837e+01   2.9310163e+01
   3.0676415e+01   2.9323585e+01
   3.0624871e+01   2.9375129e+01
   3.0546723e+01   2.9453277e+01
   3.0452650e+01   2.9547350e+01
   3.0351971e+01   2.9648029e+01
   3.0252338e+01   2.9747662e+01
   3.0159622e+01   2.9840378e+01
   3.0077944e+01   2.9922056e+01
   3.0009824e+01   2.9990176e+01
   2.9956383e+01   3.0043617e+01
   2.9917598e+01   3.0082402e+01
   2.9892553e+01   3.0107447e+01
   2.9879701e+01   3.0120299e+01
   2.9877094e+01   3.0122906e+01
   2.9882594e+01   3.0117406e+01
   2.9894047e+01   3.0105953e+01
   2.9909415e+01   3.0090585e+01
   2.9926880e+01   3.0073120e+01
   2.9944900e+01   3.0055100e+01
   2.9962249e+01   3.0037751e+01
   2.9978014e+01   3.0021986e+01
   2.9991587e+01   3.0008413e+01
   3.0002627e+01   2.9997373e+01
   3.0011029e+01   2.9988971e+01
   3.0016869e+01   2.9983131e+01
   3.0020365e+01   2.9979635e+01
   3.0021830e+01   2.9978170e+01
   3.0021629e+01   2.9978371e+01
   3.0020149e+01   2.9979851e+01
   3.0017768e+01   2.9982232e+01
   3.0014834e+01   2.9985166e+01
   3.0011650e+01   2.9988350e+01
   3.0008467e+01   2.9991533e+01
   3.0047554e+01   2.9952446e+01
   3.0332661e+01   2.9667339e+01
   3.0534074e+01   2.9465926e+01
   3.0657718e+01   2.9342282e+01
   3.0713248e+01   2.9286752e+01
   3.0712621e+01   2.9287379e+01
   3.0668222e+01   2.9331778e+01
   3.0593014e+01   2.9406986e+01
   3.0498402e+01   2.9501598e+01
   3.0394504e+01   2.9605496e+01
   3.0289767e+01   2.9710233e+01
   3.0190799e+01   2.9809201e+01
   3.0102366e+01   2.9897634e+01
   3.0027512e+01   2.9972488e+01
   2.9967766e+01   3.0032234e+01
   2.9923392e+01   3.0076608e+01
   2.9893657e+01   3.0106343e+01
   2.9877097e+01   3.0122903e+01
   2.9871773e+01   3.0128227e+01
   2.9875491e+01   3.0124509e+01
   2.9885996e+01   3.0114004e+01
   2.9901122e+01   3.0098878e+01
   2.9918906e+01   3.0081094e+01
   2.9937663e+01   3.0062337e+01
   2.9956026e+01   3.0043974e+01
   2.9972958e+01   3.0027042e+01
   2.9987746e+01   3.0012254e+01
   2.9999963e+01   3.0000037e+01
   3.0009441e+01   2.9990559e+01
   3.0016213e+01   2.9983787e+01
   3.0020472e+01   2.9979528e+01
   3.0022522e+01   2.9977478e+01
   3.0022732e+01   2.9977268e+01
   3.0021504e+01   2.9978496e+01
   3.0019235e+01   2.9980765e+01
   3.0016297e+01   2.9983703e+01
   3.0013022e+01   2.9986978e+01
   3.0009684e+01   2.9990316e+01
   3.0006503e+01   2.9993497e+01
   3.0003637e+01   2.9996363e+01
   3.0001193e+01   2.9998807e+01
   2.9999224e+01   3.0000776e+01
   2.9997744e+01   3.0002256e+01
   2.9996735e+01   3.0003265e+01
   2.9996152e+01   3.0003848e+01
   2.9995936e+01   3.0004064e+01
   2.9996017e+01   3.0003983e+01
   2.9996324e+01   3.0003676e+01
   2.9996787e+01   3.0003213e+01
   2.9997342e+01   3.0002658e+01
   2.9997936e+01   3.0002064e+01
   2.9998523e+01   3.0001477e+01
   3.0405875e+01   2.9594125e+01
   3.0742535e+01   2.9257465e+01
   3.0959019e+01   2.9040981e+01
   3.1067984e+01   2.8932016e+01
   3.1087293e+01   2.8912707e+01
   3.1034079e+01   2.8965921e+01
   3.0930142e+01   2.9069858e+01
   3.0792721e+01   2.9207279e+01
   3.0637585e+01   2.9362415e+01
   3.0478202e+01   2.9521798e+01
   3.0325309e+01   2.9674691e+01
   3.0186818e+01   2.9813182e+01
   3.0067963e+01   2.9932037e+01
   2.9971594e+01   3.0028406e+01
   2.9898551e+01   3.0101449e+01
   2.9848069e+01   3.0151931e+01
   2.9818182e+01   3.0181818e+01
   2.9806110e+01   3.0193890e+01
   2.9808603e+01   3.0191397e+01
   2.9822248e+01   3.0177752e+01
   2.9843711e+01   3.0156289e+01
   2.9869924e+01   3.0130076e+01
   2.9898216e+01   3.0101784e+01
   2.9926389e+01   3.0073611e+01
   2.9952744e+01   3.0047256e+01
   2.9976076e+01   3.0023924e+01
   2.9995635e+01   3.0004365e+01
   3.0011071e+01   2.9988929e+01
   3.0022364e+01   2.9977636e+01
   3.0029753e+01   2.9970247e+01
   3.0033662e+01   2.9966338e+01
   3.0034632e+01   2.9965368e+01
   3.0033264e+01   2.9966736e+01
   3.0030167e+01   2.9969833e+01
   3.0025918e+01   2.9974082e+01
   3.0021036e+01   2.9978964e+01
   3.0015963e+01   2.9984037e+01
   3.0011050e+01   2.9988950e+01
   3.0006564e+01   2.9993436e+01
   3.0002684e+01   2.9997316e+01
   2.9999510e+01   3.0000490e+01
   2.9997078e+01   3.0002922e+01
   2.9995372e+01   3.0004628e+01
   2.9994331e+01   3.0005669e+01
   2.9993872e+01   3.0006128e+01
   2.9993891e+01   3.0006109e+01
   2.9994279e+01   3.0005721e+01
   2.9994931e+01   3.0005069e+01
   2.9995746e+01   3.0004254e+01
   2.9996639e+01   3.0003361e+01
   2.9997538e+01   3.0002462e+01
   2.9998385e+01   3.0001615e+01
   2.9999141e+01   3.0000859e+01
   2.9999780e+01   3.0000220e+01
   3.0000289e+01   2.9999711e+01
   3.0000666e+01   2.9999334e+01
   3.0000918e+01   2.9999082e+01
   3.0001056e+01   2.9998944e+01
   3.0001100e+01   2.9998900e+01
   3.0001066e+01   2.9998934e+01
   3.0000974e+01   2.9999026e+01
   3.0000843e+01   2.9999157e+01
   3.0000690e+01   2.9999310e+01
   3.0000530e+01   2.9999470e+01
   3.0000372e+01   2.9999628e+01
   3.0355016e+01   2.9644984e+01
   3.1574207e+01   2.8425793e+01
   3.2250000e+01   2.7750000e+01
   3.2250000e+01   2.7750000e+01
   3.2250000e+01   2.7750000e+01
   3.2250000e+01   2.7750000e+01
   3.2250000e+01   2.7750000e+01
   3.2250000e+01   2.7750000e+01
   3.2250000e+01   2.7750000e+01
   3.2250000e+01   2.7750000e+01
   3.2250000e+01   2.7750000e+01
   3.2250000e+01   2.7750000e+01
   3.2159328e+01   2.7840672e+01
   3.1432429e+01   2.8567571e+01
   3.0780633e+01   2.9219367e+01
   3.0225177e+01   2.9774823e+01
   2.9775913e+01   3.0224087e+01
   2.9434955e+01   3.0565045e+01
   2.9198857e+01   3.0801143e+01
   2.9059711e+01   3.0940289e+01
   2.9005923e+01   3.0994077e+01
   2.9023139e+01   3.0976861e+01
   2.9095439e+01   3.0904561e+01
   2.9206626e+01   3.0793374e+01
   2.9341408e+01   3.0658592e+01
   2.9486288e+01   3.0513712e+01
   2.9630115e+01   3.0369885e+01
   2.9764304e+01   3.0235696e+01
   2.9882805e+01   3.0117195e+01
   2.9981899e+01   3.0018101e+01
   3.0059887e+01   2.9940113e+01
   3.0116738e+01   2.9883262e+01
   3.0153713e+01   2.9846287e+01
   3.0173002e+01   2.9826998e+01
   3.0177385e+01   2.9822615e+01
   3.0169932e+01   2.9830068e+01
   3.0153751e+01   2.9846249e+01
   3.0131790e+01   2.9868210e+01
   3.0106690e+01   2.9893310e+01
   3.0080693e+01   2.9919307e+01
   3.0055591e+01   2.9944409e+01
   3.0032721e+01   2.9967279e+01
   3.0012981e+01   2.9987019e+01
   2.9996878e+01   3.0003122e+01
   2.9984581e+01   3.0015419e+01
   2.9975988e+01   3.0024012e+01
   2.8714946e+01   3.1285054e+01
   2.7750000e+01   3.2250000e+01
   2.7750000e+01   3.2250000e+01
   2.7750000e+01   3.2250000e+01
   2.7750000e+01   3.2250000e+01
   2.7750000e+01   3.2250000e+01
   2.7750000e+01   3.2250000e+01
   2.7750000e+01   3.2250000e+01
   2.7750000e+01   3.2250000e+01
   2.7750000e+01   3.2250000e+01
   2.7750000e+01   3.2250000e+01
   2.7750000e+01   3.2250000e+01
   2.7821244e+01   3.2178756e+01
   2.8593246e+01   3.1406754e+01
   2.9278712e+01   3.0721288e+01
   2.9857825e+01   3.0142175e+01
   3.0322215e+01   2.9677785e+01
   3.0670915e+01   2.9329085e+01
   3.0908261e+01   2.9091739e+01
   3.1043028e+01   2.8956972e+01
   3.1087829e+01   2.8912171e+01
   3.1058222e+01   2.8941778e+01
   3.0971431e+01   2.9028569e+01
   3.0844917e+01   2.9155083e+01
   3.0695076e+01   2.9304924e+01
   3.0536274e+01   2.9463726e+01
   3.0380267e+01   2.9619733e+01
   3.0235997e+01   2.9764003e+01
   3.0109655e+01   2.9890345e+01
   3.0004935e+01   2.9995065e+01
   2.9923377e+01   3.0076623e+01
   2.9864771e+01   3.0135229e+01
   2.9827558e+01   3.0172442e+01
   2.9809226e+01   3.0190774e+01
   2.9806670e+01   3.0193330e+01
   2.9816515e+01   3.0183485e+01
   2.9835380e+01   3.0164620e+01
   2.9860088e+01   3.0139912e+01
   2.9887816e+01   3.0112184e+01
   2.9916187e+01   3.0083813e+01
   2.9943322e+01   3.0056678e+01
   2.9967834e+01   3.0032166e+01
   2.9988814e+01   3.0011186e+01
   3.0005769e+01   2.9994231e+01
   3.0018564e+01   2.9981436e+01
   3.0027351e+01   2.9972649e+01
   3.0032491e+01   2.9967509e+01
   3.0034488e+01   2.9965512e+01
   3.0033925e+01   2.9966075e+01
   3.0031412e+01   2.9968588e+01
   3.0027540e+01   2.9972460e+01
   3.0022850e+01   2.9977150e+01
   3.0017815e+01   2.9982185e+01
   3.0744707e+01   2.9255293e+01
   3.1987975e+01   2.8012025e+01
   3.2250000e+01   2.7750000e+01
   3.2250000e+01   2.7750000e+01
   3.2250000e+01   2.7750000e+01
   3.2250000e+01   2.7750000e+01
   3.2250000e+01   2.7750000e+01
   3.2250000e+01   2.7750000e+01
   3.2250000e+01   2.7750000e+01
   3.2250000e+01   2.7750000e+01
   3.2250000e+01   2.7750000e+01
   3.2250000e+01   2.7750000e+01
   3.2250000e+01   2.7750000e+01
   3.2250000e+01   2.7750000e+01
   3.1641573e+01   2.8358427e+01
   3.0880402e+01   2.9119598e+01
   3.0232473e+01   2.9767527e+01
   2.9707529e+01   3.0292471e+01
   2.9307314e+01   3.0692686e+01
   2.9028268e+01   3.0971732e+01
   2.8862317e+01   3.1137683e+01
   2.8797135e+01   3.1202865e+01
   2.8816772e+01   3.1183228e+01
   2.8902892e+01   3.1097108e+01
   2.9036367e+01   3.0963633e+01
   2.9198838e+01   3.0801162e+01
   2.9373945e+01   3.0626055e+01
   2.9548108e+01   3.0451892e+01
   2.9710848e+01   3.0289152e+01
   2.9854767e+01   3.0145233e+01
   2.9975302e+01   3.0024698e+01
   3.0070347e+01   2.9929653e+01
   3.0139814e+01   2.9860186e+01
   3.0185187e+01   2.9814813e+01
   3.0209081e+01   2.9790919e+01
   3.0214840e+01   2.9785160e+01
   3.0206167e+01   2.9793833e+01
   3.0186824e+01   2.9813176e+01
   3.0160387e+01   2.9839613e+01
   3.0130065e+01   2.9869935e+01
   3.0098586e+01   2.9901414e+01
   3.0771411e+01   2.9228589e+01
   3.2250000e+01   2.7750000e+01
   3.2250000e+01   2.7750000e+01
   3.2250000e+01   2.7750000e+01
   3.2250000e+01   2.7750000e+01
   3.2250000e+01   2.7750000e+01
   3.2250000e+01   2.7750000e+01
   3.2250000e+01   2.7750000e+01
   3.2250000e+01   2.7750000e+01
   3.2250000e+01   2.7750000e+01
   3.2250000e+01   2.7750000e+01
   3.2250000e+01   2.7750000e+01
   3.2250000e+01   2.7750000e+01
   3.2250000e+01   2.7750000e+01
   3.2250000e+01   2.7750000e+01
   3.2250000e+01   2.7750000e+01
   3.2250000e+01   2.7750000e+01
   3.2250000e+01   2.7750000e+01
   3.2250000e+01   2.7750000e+01
   3.2250000e+01   2.7750000e+01
   3.2250000e+01   2.7750000e+01
   3.2250000e+01   2.7750000e+01
   3.2250000e+01   2.7750000e+01
   3.2250000e+01   2.7750000e+01
   3.2250000e+01   2.7750000e+01
   3.2250000e+01   2.7750000e+01
   3.2250000e+01   2.7750000e+01
   3.2250000e+01   2.7750000e+01
   3.2250000e+01   2.7750000e+01
   3.2250000e+01   2.7750000e+01
   3.2250000e+01   2.7750000e+01
   3.2250000e+01   2.7750000e+01
   3.2250000e+01   2.7750000e+01
   3.2250000e+01   2.7750000e+01
   3.2250000e+01   2.7750000e+01
   3.2250000e+01   2.7750000e+01
   3.2250000e+01   2.7750000e+01
   3.2250000e+01   2.7750000e+01
   3.2250000e+01   2.7750000e+01
   3.2250000e+01   2.7750000e+01
   3.2250000e+01   2.7750000e+01
   3.2250000e+01   2.7750000e+01
   3.2250000e+01   2.7750000e+01
   3.2250000e+01   2.7750000e+01
   3.2250000e+01   2.7750000e+01
   3.2250000e+01   2.7750000e+01
   3.2250000e+01   2.7750000e+01
   3.2250000e+01   2.7750000e+01
   3.2250000e+01   2.7750000e+01
   3.2250000e+01   2.7750000e+01
   3.2250000e+01   2.7750000e+01
   3.2250000e+01   2.7750000e+01
   3.2250000e+01   2.7750000e+01
   3.2250000e+01   2.7750000e+01
   3.2250000e+01   2.7750000e+01
   3.2250000e+01   2.7750000e+01
   3.2250000e+01   2.7750000e+01
   3.2250000e+01   2.7750000e+01
   3.2250000e+01   2.7750000e+01
   3.2250000e+01   2.7750000e+01
   3.2250000e+01   2.7750000e+01
   3.2250000e+01   2.7750000e+01
   3.2250000e+01   2.7750000e+01
   3.2250000e+01   2.7750000e+01
   3.2250000e+01   2.7750000e+01
   3.2250000e+01   2.7750000e+01
   3.2250000e+01   2.7750000e+01
   3.2250000e+01   2.7750000e+01
   3.2250000e+01   2.7750000e+01
   3.2250000e+01   2.7750000e+01
   3.2250000e+01   2.7750000e+01
   3.2250000e+01   2.7750000e+01
   3.2250000e+01   2.7750000e+01
   2.7750000e+01   3.2250000e+01
   2.7750000e+01   3.2250000e+01
   2.7750000e+01   3.2250000e+01
   2.7750000e+01   3.2250000e+01
   2.7750000e+01   3.2250000e+01
   2.7750000e+01   3.2250000e+01
   2.7750000e+01   3.2250000e+01
   2.7750000e+01   3.2250000e+01
   2.7750000e+01   3.2250000e+01
   2.7750000e+01   3.2250000e+01
   2.7750000e+01   3.2250000e+01
   2.7750000e+01   3.2250000e+01
   2.7750000e+01   3.2250000e+01
   2.7750000e+01   3.2250000e+01
   2.8595218e+01   3.1404782e+01
   2.9395839e+01   3.0604161e+01
   3.0062930e+01   2.9937070e+01
   3.0592142e+01   2.9407858e+01
   3.0984654e+01   2.9015346e+01
   3.1245568e+01   2.8754432e+01
   3.1384325e+01   2.8615675e+01
   3.1415164e+01   2.8584836e+01
   3.1356568e+01   2.8643432e+01
   3.1229709e+01   2.8770291e+01
   3.1056426e+01   2.8943574e+01
   3.0857317e+01   2.9142683e+01
   3.0650327e+01   2.9349673e+01
   3.0449955e+01   2.9550045e+01
   3.0267008e+01   2.9732992e+01
   3.0108755e+01   2.9891245e+01
   2.9979298e+01   3.0020702e+01
   2.9880069e+01   3.0119931e+01
   2.9810353e+01   3.0189647e+01
   2.9767809e+01   3.0232191e+01
   2.9748969e+01   3.0251031e+01
   2.9749691e+01   3.0250309e+01
   2.9765558e+01   3.0234442e+01
   2.9792212e+01   3.0207788e+01
   2.9825603e+01   3.0174397e+01
   2.9862176e+01   3.0137824e+01
   2.9898977e+01   3.0101023e+01
   2.9933702e+01   3.0066298e+01
   2.9964690e+01   3.0035310e+01
   2.9990885e+01   3.0009115e+01
   3.0011757e+01   2.9988243e+01
   3.0027224e+01   2.9972776e+01
   3.0037553e+01   2.9962447e+01
   3.0043265e+01   2.9956735e+01
   3.0045046e+01   2.9954954e+01
   3.0043669e+01   2.9956331e+01
   3.0039928e+01   2.9960072e+01
   3.0034582e+01   2.9965418e+01
   3.0028319e+01   2.9971681e+01
   3.0021728e+01   2.9978272e+01
   3.0015286e+01   2.9984714e+01
   3.0009355e+01   2.9990645e+01
   3.0004182e+01   2.9995818e+01
   2.9999915e+01   3.0000085e+01
   2.9996611e+01   3.0003389e+01
   2.9994256e+01   3.0005744e+01
   2.9992781e+01   3.0007219e+01
   2.9992079e+01   3.0007921e+01
   2.9816142e+01   3.0183858e+01
   2.9546394e+01   3.0453606e+01
   2.9364445e+01   3.0635555e+01
   2.9262232e+01   3.0737768e+01
   2.9228272e+01   3.0771728e+01
   2.9249317e+01   3.0750683e+01
   2.9311704e+01   3.0688296e+01
   2.9402134e+01   3.0597866e+01
   2.9508867e+01   3.0491133e+01
   2.9621725e+01   3.0378275e+01
   2.9732414e+01   3.0267586e+01
   2.9834638e+01   3.0165362e+01
   2.9924043e+01   3.0075957e+01
   2.9998037e+01   3.0001963e+01
   3.0055556e+01   2.9944444e+01
   3.0096779e+01   2.9903221e+01
   3.0122837e+01   2.9877163e+01
   3.0135536e+01   2.9864464e+01
   3.0137093e+01   2.9862907e+01
   3.0129910e+01   2.9870090e+01
   3.0116387e+01   2.9883613e+01
   3.0098775e+01   2.9901225e+01
   3.0079068e+01   2.9920932e+01
   3.0058945e+01   2.9941055e+01
   3.0039730e+01   2.9960270e+01
   3.0022396e+01   2.9977604e+01
   3.0007583e+01   2.9992417e+01
   2.9995630e+01   3.0004370e+01
   2.9986628e+01   3.0013372e+01
   2.9980466e+01   3.0019534e+01
   2.9976883e+01   3.0023117e+01
   2.9975519e+01   3.0024481e+01
   2.9975961e+01   3.0024039e+01
   2.9977775e+01   3.0022225e+01
   2.9980542e+01   3.0019458e+01
   2.9983880e+01   3.0016120e+01
   2.9987455e+01   3.0012545e+01
   2.9990996e+01   3.0009004e+01
   2.9994293e+01   3.0005707e+01
   2.9997199e+01   3.0002801e+01
   2.9999625e+01   3.0000375e+01
   3.0001529e+01   2.9998471e+01
   3.0002912e+01   2.9997088e+01
   3.0003806e+01   2.9996194e+01
   3.0004266e+01   2.9995734e+01
   3.0004362e+01   2.9995638e+01
   3.0004169e+01   2.9995831e+01
   3.0003765e+01   2.9996235e+01
   3.0003220e+01   2.9996780e+01
   3.0002601e+01   2.9997399e+01
   3.0001961e+01   2.9998039e+01
   3.0001345e+01   2.9998655e+01
   3.0000785e+01   2.9999215e+01
   3.0000303e+01   2.9999697e+01
   2.9999910e+01   3.0000090e+01
   2.9999611e+01   3.0000389e+01
   2.9087891e+01   3.0912109e+01
   2.8169488e+01   3.1830512e+01
   2.7750000e+01   3.2250000e+01
   2.7750000e+01   3.2250000e+01
   2.7750000e+01   3.2250000e+01
   2.7750000e+01   3.2250000e+01
   2.7750000e+01   3.2250000e+01
   2.7750000e+01   3.2250000e+01
   2.7750000e+01   3.2250000e+01
   2.7884334e+01   3.2115666e+01
   2.8433305e+01   3.1566695e+01
   2.8955394e+01   3.1044606e+01
   2.9424401e+01   3.0575599e+01
   2.9824143e+01   3.0175857e+01
   3.0146532e+01   2.9853468e+01
   3.0389693e+01   2.9610307e+01
   3.0556508e+01   2.9443492e+01
   3.0653496e+01   2.9346504e+01
   3.0689837e+01   2.9310163e+01
   3.0676415e+01   2.9323585e+01
   3.0624871e+01   2.9375129e+01
   3.0546723e+01   2.9453277e+01
   3.0452650e+01   2.9547350e+01
   3.0351971e+01   2.9648029e+01
   3.0252338e+01   2.9747662e+01
   3.0159622e+01   2.9840378e+01
   3.0077944e+01   2.9922056e+01
   3.0009824e+01   2.9990176e+01
   2.9956383e+01   3.0043617e+01
   2.9917598e+01   3.0082402e+01
   2.9892553e+01   3.0107447e+01
   2.9879701e+01   3.0120299e+01
   2.9877094e+01   3.0122906e+01
   2.9882594e+01   3.0117406e+01
   2.9894047e+01   3.0105953e+01
   2.9909415e+01   3.0090585e+01
   2.9926880e+01   3.0073120e+01
   2.9944900e+01   3.0055100e+01
   2.9962249e+01   3.0037751e+01
   2.9978014e+01   3.0021986e+01
   2.9991587e+01   3.0008413e+01
   3.0002627e+01   2.9997373e+01
   3.0011029e+01   2.9988971e+01
   3.0016869e+01   2.9983131e+01
   3.0020365e+01   2.9979635e+01
   3.0021830e+01   2.9978170e+01
   3.0021629e+01   2.9978371e+01
   3.0020149e+01   2.9979851e+01
   3.0017768e+01   2.9982232e+01
   3.0014834e+01   2.9985166e+01
   3.0011650e+01   2.9988350e+01
   3.0008467e+01   2.9991533e+01
   3.0047554e+01   2.9952446e+01
   3.0332661e+01   2.9667339e+01
   3.0534074e+01   2.9465926e+01
   3.0657718e+01   2.9342282e+01
   3.0713248e+01   2.9286752e+01
   3.0712621e+01   2.9287379e+01
   3.0668222e+01   2.9331778e+01
   3.0593014e+01   2.9406986e+01
   3.0498402e+01   2.9501598e+01
   3.0394504e+01   2.9605496e+01
   3.0289767e+01   2.9710233e+01
   3.0190799e+01   2.9809201e+01
   3.0102366e+01   2.9897634e+01
   3.0027512e+01   2.9972488e+01
   2.9967766e+01   3.0032234e+01
   2.9923392e+01   3.0076608e+01
   2.9893657e+01   3.0106343e+01
   2.9877097e+01   3.0122903e+01
   2.9871773e+01   3.0128227e+01
   2.9875491e+01   3.0124509e+01
   2.9885996e+01   3.0114004e+01
   2.9901122e+01   3.0098878e+01
   2.9918906e+01   3.0081094e+01
   2.9937663e+01   3.0062337e+01
   2.9956026e+01   3.0043974e+01
   2.9972958e+01   3.0027042e+01
   2.9987746e+01   3.0012254e+01
   2.9999963e+01   3.0000037e+01
   3.0009441e+01   2.9990559e+01
   3.0016213e+01   2.9983787e+01
   3.0020472e+01   2.9979528e+01
   3.0022522e+01   2.9977478e+01
   3.0022732e+01   2.9977268e+01
   3.0021504e+01   2.9978496e+01
   3.0019235e+01   2.9980765e+01
   3.0016297e+01   2.9983703e+01
   3.0013022e+01   2.9986978e+01
   3.0009684e+01   2.9990316e+01
   3.0006503e+01   2.9993497e+01
   3.0003637e+01   2.9996363e+01
   3.0001193e+01   2.9998807e+01
   2.9999224e+01   3.0000776e+01
   2.9997744e+01   3.0002256e+01
   2.9996735e+01   3.0003265e+01
   2.9996152e+01   3.0003848e+01
   2.9995936e+01   3.0004064e+01
   2.9996017e+01   3.0003983e+01
   2.9996324e+01   3.0003676e+01
   2.9996787e+01   3.0003213e+01
   2.9997342e+01   3.0002658e+01
   2.9997936e+01   3.0002064e+01
   2.9998523e+01   3.0001477e+01
   3.0405875e+01   2.9594125e+01
   3.0742535e+01   2.9257465e+01
   3.0959019e+01   2.9040981e+01
   3.1067984e+01   2.8932016e+01
   3.1087293e+01   2.8912707e+01
   3.1034079e+01   2.8965921e+01
   3.0930142e+01   2.9069858e+01
   3.0792721e+01   2.9207279e+01
   3.0637585e+01   2.9362415e+01
   3.0478202e+01   2.9521798e+01
   3.0325309e+01   2.9674691e+01
   3.0186818e+01   2.9813182e+01
   3.0067963e+01   2.9932037e+01
   2.9971594e+01   3.0028406e+01
   2.9898551e+01   3.0101449e+01
   2.9848069e+01   3.0151931e+01
   2.9818182e+01   3.0181818e+01
   2.9806110e+01   3.0193890e+01
   2.9808603e+01   3.0191397e+01
   2.9822248e+01   3.0177752e+01
   2.9843711e+01   3.0156289e+01
   2.9869924e+01   3.0130076e+01
   2.9898216e+01   3.0101784e+01
   2.9926389e+01   3.0073611e+01
   2.9952744e+01   3.0047256e+01
   2.9976076e+01   3.0023924e+01
   2.9995635e+01   3.0004365e+01
   3.0011071e+01   2.9988929e+01
   3.0022364e+01   2.9977636e+01
   3.0029753e+01   2.9970247e+01
   3.0033662e+01   2.9966338e+01
   3.0034632e+01   2.9965368e+01
   3.0033264e+01   2.9966736e+01
   3.0030167e+01   2.9969833e+01
   3.0025918e+01   2.9974082e+01
   3.0021036e+01   2.9978964e+01
   3.0015963e+01   2.9984037e+01
   3.0011050e+01   2.9988950e+01
   3.0006564e+01   2.9993436e+01
   3.0002684e+01   2.9997316e+01
   2.9999510e+01   3.0000490e+01
   2.9997078e+01   3.0002922e+01
   2.9995372e+01   3.0004628e+01
   2.9994331e+01   3.0005669e+01
   2.9993872e+01   3.0006128e+01
   2.9993891e+01   3.0006109e+01
   2.9994279e+01   3.0005721e+01
   2.9994931e+01   3.0005069e+01
   2.9995746e+01   3.0004254e+01
   2.9996639e+01   3.0003361e+01
   2.9997538e+01   3.0002462e+01
   2.9998385e+01   3.0001615e+01
   2.9999141e+01   3.0000859e+01
   2.9999780e+01   3.0000220e+01
   3.0000289e+01   2.9999711e+01
   3.0000666e+01   2.9999334e+01
   3.0000918e+01   2.9999082e+01
   3.0001056e+01   2.9998944e+01
   3.0001100e+01   2.9998900e+01
   3.0001066e+01   2.9998934e+01
   3.0000974e+01   2.9999026e+01
   3.0000843e+01   2.9999157e+01
   3.0000690e+01   2.9999310e+01
   3.0000530e+01   2.9999470e+01
   3.0000372e+01   2.9999628e+01
   3.0355016e+01   2.9644984e+01
   3.1574207e+01   2.8425793e+01
   3.2250000e+01   2.7750000e+01
   3.2250000e+01   2.7750000e+01
   3.2250000e+01   2.7750000e+01
   3.2250000e+01   2.7750000e+01
   3.2250000e+01   2.7750000e+01
   3.2250000e+01   2.7750000e+01
   3.2250000e+01   2.7750000e+01
   3.2250000e+01   2.7750000e+01
   3.2250000e+01   2.7750000e+01
   3.2250000e+01   2.7750000e+01
   3.2159328e+01   2.7840672e+01
   3.1432429e+01   2.8567571e+01
   3.0780633e+01   2.9219367e+01
   3.0225177e+01   2.9774823e+01
   2.9775913e+01   3.0224087e+01
   2.9434955e+01   3.0565045e+01
   2.9198857e+01   3.0801143e+01
   2.9059711e+01   3.0940289e+01
   2.9005923e+01   3.0994077e+01
   2.9023139e+01   3.0976861e+01
   2.9095439e+01   3.0904561e+01
   2.9206626e+01   3.0793374e+01
   2.9341408e+01   3.0658592e+01
   2.9486288e+01   3.0513712e+01
   2.9630115e+01   3.0369885e+01
   2.9764304e+01   3.0235696e+01
   2.9882805e+01   3.0117195e+01
   2.9981899e+01   3.0018101e+01
   3.0059887e+01   2.9940113e+01
   3.0116738e+01   2.9883262e+01
   3.0153713e+01   2.9846287e+01
   3.0173002e+01   2.9826998e+01
   3.0177385e+01   2.9822615e+01
   3.0169932e+01   2.9830068e+01
   3.0153751e+01   2.9846249e+01
   3.0131790e+01   2.9868210e+01
   3.0106690e+01   2.9893310e+01
   3.0080693e+01   2.9919307e+01
   3.0055591e+01   2.9944409e+01
   3.0032721e+01   2.9967279e+01
   3.0012981e+01   2.9987019e+01
   2.9996878e+01   3.0003122e+01
   2.9984581e+01   3.0015419e+01
   2.9975988e+01   3.0024012e+01
   2.8714946e+01   3.1285054e+01
   2.7750000e+01   3.2250000e+01
   2.7750000e+01   3.2250000e+01
   2.7750000e+01   3.2250000e+01
   2.7750000e+01   3.2250000e+01
   2.7750000e+01   3.2250000e+01
   2.7750000e+01   3.2250000e+01
   2.7750000e+01   3.2250000e+01
   2.7750000e+01   3.2250000e+01
   2.7750000e+01   3.2250000e+01
   2.7750000e+01   3.2250000e+01
   2.7750000e+01   3.2250000e+01
   2.7821244e+01   3.2178756e+01
   2.8593246e+01   3.1406754e+01
   2.9278712e+01   3.0721288e+01
   2.9857825e+01   3.0142175e+01
   3.0322215e+01   2.9677785e+01
   3.0670915e+01   2.9329085e+01
   3.0908261e+01   2.9091739e+01
   3.1043028e+01   2.8956972e+01
   3.1087829e+01   2.8912171e+01
   3.1058222e+01   2.8941778e+01
   3.0971431e+01   2.9028569e+01
   3.0844917e+01   2.9155083e+01
   3.0695076e+01   2.9304924e+01
   3.0536274e+01   2.9463726e+01
   3.0380267e+01   2.9619733e+01
   3.0235997e+01   2.9764003e+01
   3.0109655e+01   2.9890345e+01
   3.0004935e+01   2.9995065e+01
   2.9923377e+01   3.0076623e+01
   2.9864771e+01   3.0135229e+01
   2.9827558e+01   3.0172442e+01
   2.9809226e+01   3.0190774e+01
   2.9806670e+01   3.0193330e+01
   2.9816515e+01   3.0183485e+01
   2.9835380e+01   3.0164620e+01
   2.9860088e+01   3.0139912e+01
   2.9887816e+01   3.0112184e+01
   2.9916187e+01   3.0083813e+01
   2.9943322e+01   3.0056678e+01
   2.9967834e+01   3.0032166e+01
   2.9988814e+01   3.0011186e+01
   3.0005769e+01   2.9994231e+01
   3.0018564e+01   2.9981436e+01
   3.0027351e+01   2.9972649e+01
   3.0032491e+01   2.9967509e+01
   3.0034488e+01   2.9965512e+01
   3.0033925e+01   2.9966075e+01
   3.0031412e+01   2.9968588e+01
   3.0027540e+01   2.9972460e+01
   3.0022850e+01   2.9977150e+01
   3.0017815e+01   2.9982185e+01
   3.0744707e+01   2.9255293e+01
   3.1987975e+01   2.8012025e+01
   3.2250000e+01   2.7750000e+01
   3.2250000e+01   2.7750000e+01
   3.2250000e+01   2.7750000e+01
   3.2250000e+01   2.7750000e+01
   3.2250000e+01   2.7750000e+01
   3.2250000e+01   2.7750000e+01
   3.2250000e+01   2.7750000e+01
   3.2250000e+01   2.7750000e+01
   3.2250000e+01   2.7750000e+01
   3.2250000e+01   2.7750000e+01
   3.2250000e+01   2.7750000e+01
   3.2250000e+01   2.7750000e+01
   3.1641573e+01   2.8358427e+01
   3.0880402e+01   2.9119598e+01
   3.0232473e+01   2.9767527e+01
   2.9707529e+01   3.0292471e+01
   2.9307314e+01   3.0692686e+01
   2.9028268e+01   3.0971732e+01
   2.8862317e+01   3.1137683e+01
   2.8797135e+01   3.1202865e+01
   2.8816772e+01   3.1183228e+01
   2.8902892e+01   3.1097108e+01
   2.9036367e+01   3.0963633e+01
   2.9198838e+01   3.0801162e+01
   2.9373945e+01   3.0626055e+01
   2.9548108e+01   3.0451892e+01
   2.9710848e+01   3.0289152e+01
   2.9854767e+01   3.0145233e+01
   2.9975302e+01   3.0024698e+01
   3.0070347e+01   2.9929653e+01
   3.0139814e+01   2.9860186e+01
   3.0185187e+01   2.9814813e+01
   3.0209081e+01   2.9790919e+01
   3.0214840e+01   2.9785160e+01
   3.0206167e+01   2.9793833e+01
   3.0186824e+01   2.9813176e+01
   3.0160387e+01   2.9839613e+01
   3.0130065e+01   2.9869935e+01
   3.0098586e+01   2.9901414e+01
   3.0771411e+01   2.9228589e+01
   3.2250000e+01   2.7750000e+01
   3.2250000e+01   2.7750000e+01
   3.2250000e+01   2.7750000e+01
   3.2250000e+01   2.7750000e+01
   3.2250000e+01   2.7750000e+01
   3.2250000e+01   2.7750000e+01
   3.2250000e+01   2.7750000e+01
   3.2250000e+01   2.7750000e+01
   3.2250000e+01   2.7750000e+01
   3.2250000e+01   2.7750000e+01
   3.2250000e+01   2.7750000e+01
   3.2250000e+01   2.7750000e+01
   3.2250000e+01   2.7750000e+01
   3.2250000e+01   2.7750000e+01
   3.2250000e+01   2.7750000e+01
   3.2250000e+01   2.7750000e+01
   3.2250000e+01   2.7750000e+01
   3.2250000e+01   2.7750000e+01
   3.2250000e+01   2.7750000e+01
   3.2250000e+01   2.7750000e+01
   3.2250000e+01   2.7750000e+01
   3.2250000e+01   2.7750000e+01
   3.2250000e+01   2.7750000e+01
   3.2250000e+01   2.7750000e+01
   3.2250000e+01   2.7750000e+01
   3.2250000e+01   2.7750000e+01
   3.2250000e+01   2.7750000e+01
   3.2250000e+01   2.7750000e+01
   3.2250000e+01   2.7750000e+01
   3.2250000e+01   2.7750000e+01
   3.2250000e+01   2.7750000e+01
   3.2250000e+01   2.7750000e+01
   3.2250000e+01   2.7750000e+01
   3.2250000e+01   2.7750000e+01
   3.2250000e+01   2.7750000e+01
   3.2250000e+01   2.7750000e+01
   3.2250000e+01   2.7750000e+01
   3.2250000e+01   2.7750000e+01
   3.2250000e+01   2.7750000e+01
   3.2250000e+01   2.7750000e+01
   3.2250000e+01   2.7750000e+01
   3.2250000e+01   2.7750000e+01
   3.2250000e+01   2.7750000e+01
   3.2250000e+01   2.7750000e+01
   3.2250000e+01   2.7750000e+01
   3.2250000e+01   2.7750000e+01
   3.2250000e+01   2.7750000e+01
   3.2250000e+01   2.7750000e+01
   3.2250000e+01   2.7750000e+01
   3.2250000e+01   2.7750000e+01
   3.2250000e+01   2.7750000e+01
   3.2250000e+01   2.7750000e+01
   3.2250000e+01   2.7750000e+01
   3.2250000e+01   2.7750000e+01
   3.2250000e+01   2.7750000e+01
   3.2250000e+01   2.7750000e+01
   3.2250000e+01   2.7750000e+01
   3.2250000e+01   2.7750000e+01
   3.2250000e+01   2.7750000e+01
   3.2250000e+01   2.7750000e+01
   3.2250000e+01   2.7750000e+01
   3.2250000e+01   2.7750000e+01
   3.2250000e+01   2.7750000e+01
   3.2250000e+01   2.7750000e+01
   3.2250000e+01   2.7750000e+01
   3.2250000e+01   2.7750000e+01
   3.2250000e+01   2.7750000e+01
   3.2250000e+01   2.7750000e+01
   3.2250000e+01   2.7750000e+01
   3.2250000e+01   2.7750000e+01
   3.2250000e+01   2.7750000e+01
   3.2250000e+01   2.7750000e+01
   3.2250000e+01   2.7750000e+01
   3.2250000e+01   2.7750000e+01
   3.2250000e+01   2.7750000e+01
   3.2250000e+01   2.7750000e+01
   3.2250000e+01   2.7750000e+01
   3.2250000e+01   2.7750000e+01
   3.2250000e+01   2.7750000e+01
   3.2250000e+01   2.7750000e+01
   3.2250000e+01   2.7750000e+01
   3.2250000e+01   2.7750000e+01
   3.2250000e+01   2.7750000e+01
   3.2250000e+01   2.7750000e+01
   3.2250000e+01   2.7750000e+01
   3.2250000e+01   2.7750000e+01
   3.2250000e+01   2.7750000e+01
   3.2250000e+01   2.7750000e+01
   3.2250000e+01   2.7750000e+01
   3.2250000e+01   2.7750000e+01
   2.8929429e+01   3.1070571e+01
   2.8726665e+01   3.1273335e+01
   2.8476319e+01   3.1523681e+01
   2.8168432e+01   3.1831568e+01
   2.7791426e+01   3.2208574e+01
   2.7750000e+01   3.2250000e+01
   2.7750000e+01   3.2250000e+01
   2.7750000e+01   3.2250000e+01
   2.7750000e+01   3.2250000e+01
   2.7750000e+01   3.2250000e+01
   2.7750000e+01   3.2250000e+01
   2.7750000e+01   3.2250000e+01
   2.7750000e+01   3.2250000e+01
   2.7750000e+01   3.2250000e+01
   2.7750000e+01   3.2250000e+01
   2.7750000e+01   3.2250000e+01
   2.7750000e+01   3.2250000e+01
   2.7750000e+01   3.2250000e+01
   2.7750000e+01   3.2250000e+01
   2.7750000e+01   3.2250000e+01
   2.7750000e+01   3.2250000e+01
   2.7750000e+01   3.2250000e+01
   2.7750000e+01   3.2250000e+01
   2.7750000e+01   3.2250000e+01
   2.7750000e+01   3.2250000e+01
   2.7750000e+01   3.2250000e+01
   2.7750000e+01   3.2250000e+01
   2.7750000e+01   3.2250000e+01
   2.7750000e+01   3.2250000e+01
   2.7750000e+01   3.2250000e+01
   2.7750000e+01   3.2250000e+01
   2.7750000e+01   3.2250000e+01
   2.7750000e+01   3.2250000e+01
   2.7750000e+01   3.2250000e+01
   2.7750000e+01   3.2250000e+01
   2.7750000e+01   3.2250000e+01
   2.7750000e+01   3.2250000e+01
   2.7750000e+01   3.2250000e+01
   2.7750000e+01   3.2250000e+01
   2.7750000e+01   3.2250000e+01
   2.7750000e+01   3.2250000e+01
   2.7750000e+01   3.2250000e+01
   2.7750000e+01   3.2250000e+01
   3.2250000e+01   2.7750000e+01
   3.2250000e+01   2.7750000e+01
   3.2250000e+01   2.7750000e+01
   2.7750000e+01   3.2250000e+01
   2.7750000e+01   3.2250000e+01
   2.7750000e+01   3.2250000e+01
   2.7750000e+01   3.2250000e+01
   2.7750000e+01   3.2250000e+01
   2.7750000e+01   3.2250000e+01
   2.7750000e+01   3.2250000e+01
   2.7750000e+01   3.2250000e+01
   2.7750000e+01   3.2250000e+01
   2.7750000e+01   3.2250000e+01
   2.7750000e+01   3.2250000e+01
   2.7750000e+01   3.2250000e+01
   2.7750000e+01   3.2250000e+01
   2.7750000e+01   3.2250000e+01
   2.7750000e+01   3.2250000e+01
   2.7750000e+01   3.2250000e+01
   2.7750000e+01   3.2250000e+01
   2.7750000e+01   3.2250000e+01
   2.7750000e+01   3.2250000e+01
   2.7750000e+01   3.2250000e+01
   2.7750000e+01   3.2250000e+01
   2.7750000e+01   3.2250000e+01
   2.7750000e+01   3.2250000e+01
   2.7750000e+01   3.2250000e+01
   2.8381080e+01   3.1618920e+01
   2.9374064e+01   3.0625936e+01
   3.0211547e+01   2.9788453e+01
   3.0920895e+01   2.9079105e+01
   3.1518525e+01   2.8481475e+01
   3.2004566e+01   2.7995434e+01
   3.2250000e+01   2.7750000e+01
   3.2250000e+01   2.7750000e+01
   3.2250000e+01   2.7750000e+01
   3.2250000e+01   2.7750000e+01
   3.2250000e+01   2.7750000e+01
   3.2250000e+01   2.7750000e+01
   3.2234567e+01   2.7765433e+01
   3.2250000e+01   2.7750000e+01
   3.2250000e+01   2.7750000e+01
   3.2250000e+01   2.7750000e+01
   3.2250000e+01   2.7750000e+01
   2.7750000e+01   3.2250000e+01
   2.7750000e+01   3.2250000e+01
   2.7750000e+01   3.2250000e+01
   2.7750000e+01   3.2250000e+01
   2.7750000e+01   3.2250000e+01
   2.7750000e+01   3.2250000e+01
   2.7750000e+01   3.2250000e+01
   2.7750000e+01   3.2250000e+01
   2.7750000e+01   3.2250000e+01
   2.7750000e+01   3.2250000e+01
   2.7750000e+01   3.2250000e+01
   2.7750000e+01   3.2250000e+01
   2.7750000e+01   3.2250000e+01
   2.7750000e+01   3.2250000e+01
   2.7750000e+01   3.2250000e+01
   2.7750000e+01   3.2250000e+01
   2.7750000e+01   3.2250000e+01
   2.7750000e+01   3.2250000e+01
   2.7750000e+01   3.2250000e+01
   2.7750000e+01   3.2250000e+01
   2.7750000e+01   3.2250000e+01
   2.7750000e+01   3.2250000e+01
   2.7750000e+01   3.2250000e+01
   2.7750000e+01   3.2250000e+01
   2.7750000e+01   3.2250000e+01
   2.7892440e+01   3.2107560e+01
   2.8952947e+01   3.1047053e+01
   2.9845818e+01   3.0154182e+01
   3.0602159e+01   2.9397841e+01
   3.1247274e+01   2.8752726e+01
   3.1790902e+01   2.8209098e+01
   3.2225717e+01   2.7774283e+01
   3.2250000e+01   2.7750000e+01
   3.2250000e+01   2.7750000e+01
   3.2250000e+01   2.7750000e+01
   3.2250000e+01   2.7750000e+01
   3.2250000e+01   2.7750000e+01
   3.2250000e+01   2.7750000e+01
   3.2250000e+01   2.7750000e+01
   3.1770125e+01   2.8229875e+01
   3.1274461e+01   2.8725539e+01
   3.0811867e+01   2.9188133e+01
   3.0403191e+01   2.9596809e+01
   3.0060779e+01   2.9939221e+01
   2.9790148e+01   3.0209852e+01
   2.9591504e+01   3.0408496e+01
   2.9460974e+01   3.0539026e+01
   2.9391619e+01   3.0608381e+01
   2.9374367e+01   3.0625633e+01
   2.9398921e+01   3.0601079e+01
   2.9454617e+01   3.0545383e+01
   2.9531165e+01   3.0468835e+01
   2.9619237e+01   3.0380763e+01
   2.9710857e+01   3.0289143e+01
   2.9799615e+01   3.0200385e+01
   2.9880717e+01   3.0119283e+01
   3.0150345e+01   2.9849655e+01
   3.0379786e+01   2.9620214e+01
   3.0534837e+01   2.9465163e+01
   3.0622381e+01   2.9377619e+01
   3.0652391e+01   2.9347609e+01
   3.0634946e+01   2.9365054e+01
   3.0582751e+01   2.9417249e+01
   3.0506653e+01   2.9493347e+01
   3.0416619e+01   2.9583381e+01
   3.0321280e+01   2.9678720e+01
   3.0227669e+01   2.9772331e+01
   3.0141133e+01   2.9858867e+01
   3.0065380e+01   2.9934620e+01
   3.0002624e+01   2.9997376e+01
   2.9953787e+01   3.0046213e+01
   2.9918731e+01   3.0081269e+01
   2.9896512e+01   3.0103488e+01
   2.9885610e+01   3.0114390e+01
   2.9884155e+01   3.0115845e+01
   2.9890117e+01   3.0109883e+01
   2.9901467e+01   3.0098533e+01
   2.9916302e+01   3.0083698e+01
   2.9932931e+01   3.0067069e+01
   2.9949933e+01   3.0050067e+01
   2.9966184e+01   3.0033816e+01
   2.9980857e+01   3.0019143e+01
   2.9993408e+01   3.0006592e+01
   3.0003545e+01   2.9996455e+01
   3.0011190e+01   2.9988810e+01
   3.0016433e+01   2.9983567e+01
   3.0019493e+01   2.9980507e+01
   3.0020673e+01   2.9979327e+01
   3.0020322e+01   2.9979678e+01
   3.0018806e+01   2.9981194e+01
   3.0016479e+01   2.9983521e+01
   3.0013665e+01   2.9986335e+01
   3.0010646e+01   2.9989354e+01
   3.0007654e+01   2.9992346e+01
   3.0004864e+01   2.9995136e+01
   3.0002403e+01   2.9997597e+01
   3.0000347e+01   2.9999653e+01
   2.9998732e+01   3.0001268e+01
   2.9997556e+01   3.0002444e+01
   2.9996795e+01   3.0003205e+01
   2.9996400e+01   3.0003600e+01
   2.9996315e+01   3.0003685e+01
   2.9996474e+01   3.0003526e+01
   2.9996813e+01   3.0003187e+01
   2.9997272e+01   3.0002728e+01
   2.9997794e+01   3.0002206e+01
   2.9998334e+01   3.0001666e+01
   2.9998855e+01   3.0001145e+01
   2.9999329e+01   3.0000671e+01
   2.9999738e+01   3.0000262e+01
   3.0000071e+01   2.9999929e+01
   3.0000325e+01   2.9999675e+01
   3.0000502e+01   2.9999498e+01
   3.0000608e+01   2.9999392e+01
   3.0000654e+01   2.9999346e+01
   3.0000649e+01   2.9999351e+01
   3.0076484e+01   2.9923516e+01
   3.0639401e+01   2.9360599e+01
   3.1042111e+01   2.8957889e+01
   3.1291770e+01   2.8708230e+01
   3.1405596e+01   2.8594404e+01
   3.1407601e+01   2.8592399e+01
   3.1320773e+01   2.8679227e+01
   3.1173631e+01   2.8826369e+01
   3.0987823e+01   2.9012177e+01
   3.0783156e+01   2.9216844e+01
   3.0576416e+01   2.9423584e+01
   3.0380778e+01   2.9619222e+01
   3.0205735e+01   2.9794265e+01
   3.0057346e+01   2.9942654e+01
   2.9938673e+01   3.0061327e+01
   2.9850288e+01   3.0149712e+01
   2.9790808e+01   3.0209192e+01
   2.9757407e+01   3.0242593e+01
   2.9746304e+01   3.0253696e+01
   2.9753197e+01   3.0246803e+01
   2.9082999e+01   3.0917001e+01
   2.7750000e+01   3.2250000e+01
   2.7750000e+01   3.2250000e+01
   2.7750000e+01   3.2250000e+01
   2.7750000e+01   3.2250000e+01
   2.7750000e+01   3.2250000e+01
   2.7750000e+01   3.2250000e+01
   2.7750000e+01   3.2250000e+01
   2.7750000e+01   3.2250000e+01
   2.7750000e+01   3.2250000e+01
   2.7750000e+01   3.2250000e+01
   2.7750000e+01   3.2250000e+01
   2.7750000e+01   3.2250000e+01
   2.7750000e+01   3.2250000e+01
   2.7750000e+01   3.2250000e+01
   2.7750000e+01   3.2250000e+01
   2.7750000e+01   3.2250000e+01
   2.7750000e+01   3.2250000e+01
   2.7750000e+01   3.2250000e+01
   2.7750000e+01   3.2250000e+01
   2.7750000e+01   3.2250000e+01
   2.7750000e+01   3.2250000e+01
   2.7750000e+01   3.2250000e+01
   2.7750000e+01   3.2250000e+01
   2.8412846e+01   3.1587154e+01
   2.9415209e+01   3.0584791e+01
   3.0259039e+01   2.9740961e+01
   3.0961337e+01   2.9038663e+01
   3.1530695e+01   2.8469305e+01
   3.1964387e+01   2.8035613e+01
   3.2250000e+01   2.7750000e+01
   3.2250000e+01   2.7750000e+01
   3.2250000e+01   2.7750000e+01
   3.2250000e+01   2.7750000e+01
   3.2113440e+01   2.7886560e+01
   3.1795453e+01   2.8204547e+01
   3.1438474e+01   2.8561526e+01
   3.1073105e+01   2.8926895e+01
   3.0723919e+01   2.9276081e+01
   3.0408753e+01   2.9591247e+01
   3.0139105e+01   2.9860895e+01
   2.9921031e+01   3.0078969e+01
   2.9756158e+01   3.0243842e+01
   2.9642637e+01   3.0357363e+01
   2.9575999e+01   3.0424001e+01
   2.9549954e+01   3.0450046e+01
   2.9557127e+01   3.0442873e+01
   2.9589724e+01   3.0410276e+01
   2.9640097e+01   3.0359903e+01
   2.9701195e+01   3.0298805e+01
   2.9766874e+01   3.0233126e+01
   2.9832084e+01   3.0167916e+01
   2.9892935e+01   3.0107065e+01
   2.9946682e+01   3.0053318e+01
   2.9991629e+01   3.0008371e+01
   3.0027002e+01   2.9972998e+01
   3.0052784e+01   2.9947216e+01
   3.0069550e+01   2.9930450e+01
   3.0078296e+01   2.9921704e+01
   3.0080286e+01   2.9919714e+01
   3.0076915e+01   2.9923085e+01
   3.0069592e+01   2.9930408e+01
   3.0059653e+01   2.9940347e+01
   3.0048292e+01   2.9951708e+01
   3.0036525e+01   2.9963475e+01
   3.0025163e+01   2.9974837e+01
   3.0547050e+01   2.9452950e+01
   3.1345570e+01   2.8654430e+01
   3.1896148e+01   2.8103852e+01
   3.2206986e+01   2.7793014e+01
   3.2250000e+01   2.7750000e+01
   3.2250000e+01   2.7750000e+01
   3.2071035e+01   2.7928965e+01
   3.1798473e+01   2.8201527e+01
   3.1476937e+01   2.8523063e+01
   3.1136715e+01   2.8863285e+01
   3.0803069e+01   2.9196931e+01
   3.0495118e+01   2.9504882e+01
   3.0225887e+01   2.9774113e+01
   3.0002982e+01   2.9997018e+01
   2.9829495e+01   3.0170505e+01
   2.9704906e+01   3.0295094e+01
   2.9625924e+01   3.0374076e+01
   2.9587263e+01   3.0412737e+01
   2.9582360e+01   3.0417640e+01
   2.9604035e+01   3.0395965e+01
   2.9645052e+01   3.0354948e+01
   2.9698587e+01   3.0301413e+01
   2.9758559e+01   3.0241441e+01
   2.9819852e+01   3.0180148e+01
   2.9878416e+01   3.0121584e+01
   2.9931277e+01   3.0068723e+01
   2.9976479e+01   3.0023521e+01
   3.0012976e+01   2.9987024e+01
   3.0040489e+01   2.9959511e+01
   3.0059348e+01   2.9940652e+01
   3.0070343e+01   2.9929657e+01
   3.0074564e+01   2.9925436e+01
   3.0073273e+01   2.9926727e+01
   3.0067786e+01   2.9932214e+01
   3.0059381e+01   2.9940619e+01
   3.0049227e+01   2.9950773e+01
   3.0038339e+01   2.9961661e+01
   3.0027548e+01   2.9972452e+01
   3.0017492e+01   2.9982508e+01
   3.0008623e+01   2.9991377e+01
   3.0001217e+01   2.9998783e+01
   2.9995399e+01   3.0004601e+01
   2.9991169e+01   3.0008831e+01
   2.9988429e+01   3.0011571e+01
   2.9987013e+01   3.0012987e+01
   2.9986709e+01   3.0013291e+01
   2.9987288e+01   3.0012712e+01
   2.9988515e+01   3.0011485e+01
   2.9990169e+01   3.0009831e+01
   2.9992054e+01   3.0007946e+01
   2.9994003e+01   3.0005997e+01
   2.9995881e+01   3.0004119e+01
   2.9997590e+01   3.0002410e+01
   2.9999062e+01   3.0000938e+01
   2.9946363e+01   3.0053637e+01
   2.9862812e+01   3.0137188e+01
   2.9806402e+01   3.0193598e+01
   2.9774506e+01   3.0225494e+01
   2.9763581e+01   3.0236419e+01
   2.9769586e+01   3.0230414e+01
   2.9788355e+01   3.0211645e+01
   2.9815865e+01   3.0184135e+01
   2.9848473e+01   3.0151527e+01
   2.9883038e+01   3.0116962e+01
   2.9917005e+01   3.0082995e+01
   2.9948428e+01   3.0051572e+01
   2.9975955e+01   3.0024045e+01
   2.9998774e+01   3.0001226e+01
   3.0016546e+01   2.9983454e+01
   3.0029316e+01   2.9970684e+01
   3.0037425e+01   2.9962575e+01
   3.0041423e+01   2.9958577e+01
   3.0041987e+01   2.9958013e+01
   3.0039854e+01   2.9960146e+01
   3.0035760e+01   2.9964240e+01
   3.0030395e+01   2.9969605e+01
   3.0024374e+01   2.9975626e+01
   3.0018212e+01   2.9981788e+01
   3.0012319e+01   2.9987681e+01
   3.0006994e+01   2.9993006e+01
   3.0002437e+01   2.9997563e+01
   2.9998753e+01   3.0001247e+01
   2.9995973e+01   3.0004027e+01
   2.9994063e+01   3.0005937e+01
   2.9992946e+01   3.0007054e+01
   2.9992511e+01   3.0007489e+01
   2.9992632e+01   3.0007368e+01
   2.9993178e+01   3.0006822e+01
   2.9994018e+01   3.0005982e+01
   2.9995036e+01   3.0004964e+01
   2.9996130e+01   3.0003870e+01
   2.9997215e+01   3.0002785e+01
   2.9998226e+01   3.0001774e+01
   2.9999120e+01   3.0000880e+01
   2.9999866e+01   3.0000134e+01
   3.0000454e+01   2.9999546e+01
   3.0000881e+01   2.9999119e+01
   3.0001159e+01   2.9998841e+01
   3.0001303e+01   2.9998697e+01
   3.0001336e+01   2.9998664e+01
   3.0001279e+01   2.9998721e+01
   3.0334040e+01   2.9665960e+01
   3.0721944e+01   2.9278056e+01
   3.0980058e+01   2.9019942e+01
   3.1120151e+01   2.8879849e+01
   3.1160908e+01   2.8839092e+01
   3.1118578e+01   2.8881422e+01
   3.1018256e+01   2.8981744e+01
   3.0878363e+01   2.9121637e+01
   3.0716079e+01   2.9283921e+01
   3.0546334e+01   2.9453666e+01
   3.0381225e+01   2.9618775e+01
   3.0229837e+01   2.9770163e+01
   3.0098348e+01   2.9901652e+01
   2.9990318e+01   3.0009682e+01
   2.9907078e+01   3.0092922e+01
   2.9848155e+01   3.0151845e+01
   2.9811706e+01   3.0188294e+01
   2.9794932e+01   3.0205068e+01
   2.9794457e+01   3.0205543e+01
   2.9806664e+01   3.0193336e+01
   2.9827963e+01   3.0172037e+01
   2.9855014e+01   3.0144986e+01
   2.9884869e+01   3.0115131e+01
   2.9915070e+01   3.0084930e+01
   2.9943692e+01   3.0056308e+01
   2.9969336e+01   3.0030664e+01
   2.9991100e+01   3.0008900e+01
   3.0008524e+01   2.9991476e+01
   3.0021515e+01   2.9978485e+01
   3.0030273e+01   2.9969727e+01
   3.0035211e+01   2.9964789e+01
   3.0036885e+01   2.9963115e+01
   3.0035925e+01   2.9964075e+01
   3.0032981e+01   2.9967019e+01
   3.0028679e+01   2.9971321e+01
   3.0023587e+01   2.9976413e+01
   3.0018194e+01   2.9981806e+01
   3.0012897e+01   2.9987103e+01
   3.0008000e+01   2.9992000e+01
   3.0003713e+01   2.9996287e+01
   3.0000160e+01   2.9999840e+01
   2.9997396e+01   3.0002604e+01
   2.9995411e+01   3.0004589e+01
   2.9994153e+01   3.0005847e+01
   2.9993535e+01   3.0006465e+01
   2.9993452e+01   3.0006548e+01
   2.9993788e+01   3.0006212e+01
   2.9994430e+01   3.0005570e+01
   3.0064241e+01   2.9935759e+01
   3.0352166e+01   2.9647834e+01
   3.0554585e+01   2.9445415e+01
   3.0677743e+01   2.9322257e+01
   3.0731655e+01   2.9268345e+01
   3.0728629e+01   2.9271371e+01
   3.0681373e+01   2.9318627e+01
   3.0603146e+01   2.9396854e+01
   3.0505571e+01   2.9494429e+01
   3.0398934e+01   2.9601066e+01
   3.0291802e+01   2.9708198e+01
   3.0190853e+01   2.9809147e+01
   3.0100879e+01   2.9899121e+01
   3.0024920e+01   2.9975080e+01
   2.9964476e+01   3.0035524e+01
   2.9919760e+01   3.0080240e+01
   2.9889981e+01   3.0110019e+01
   2.9873613e+01   3.0126387e+01
   2.9868649e+01   3.0131351e+01
   2.9872838e+01   3.0127162e+01
   2.9883871e+01   3.0116129e+01
   2.9899536e+01   3.0100464e+01
   2.9917836e+01   3.0082164e+01
   2.9937058e+01   3.0062942e+01
   2.9955818e+01   3.0044182e+01
   2.9973072e+01   3.0026928e+01
   2.9988101e+01   3.0011899e+01
   3.0000485e+01   2.9999515e+01
   3.0010060e+01   2.9989940e+01
   3.0016869e+01   2.9983131e+01
   3.0021116e+01   2.9978884e+01
   3.0023118e+01   2.9976882e+01
   3.0023255e+01   2.9976745e+01
   3.0021937e+01   2.9978063e+01
   3.0019572e+01   2.9980428e+01
   3.0016540e+01   2.9983460e+01
   3.0013176e+01   2.9986824e+01
   3.0009760e+01   2.9990240e+01
   3.0006513e+01   2.9993487e+01
   3.0003597e+01   2.9996403e+01
   3.0001115e+01   2.9998885e+01
   2.9999122e+01   3.0000878e+01
   2.9997630e+01   3.0002370e+01
   2.9996618e+01   3.0003382e+01
   2.9996041e+01   3.0003959e+01
   2.9995835e+01   3.0004165e+01
   2.9995931e+01   3.0004069e+01
   2.9996254e+01   3.0003746e+01
   2.9996734e+01   3.0003266e+01
   2.9997306e+01   3.0002694e+01
   2.9997915e+01   3.0002085e+01
   2.9998515e+01   3.0001485e+01
   2.9999071e+01   3.0000929e+01
   3.1085918e+01   2.8914082e+01
   3.2250000e+01   2.7750000e+01
   3.2250000e+01   2.7750000e+01
   3.2250000e+01   2.7750000e+01
   3.2250000e+01   2.7750000e+01
   3.2250000e+01   2.7750000e+01
   3.2250000e+01   2.7750000e+01
   3.2250000e+01   2.7750000e+01
   3.2250000e+01   2.7750000e+01
   3.2250000e+01   2.7750000e+01
   3.2250000e+01   2.7750000e+01
   3.2250000e+01   2.7750000e+01
   3.2250000e+01   2.7750000e+01
   3.2250000e+01   2.7750000e+01
   3.2154375e+01   2.7845625e+01
   3.1289806e+01   2.8710194e+01
   3.0538125e+01   2.9461875e+01
   2.9914239e+01   3.0085761e+01
   2.9422602e+01   3.0577398e+01
   2.9061830e+01   3.0938170e+01
   2.8826154e+01   3.1173846e+01
   2.8705369e+01   3.1294631e+01
   2.8684848e+01   3.1315152e+01
   2.8441560e+01   3.1558440e+01
   2.8195687e+01   3.1804313e+01
   2.8112968e+01   3.1887032e+01
   2.8163589e+01   3.1836411e+01
   2.8314038e+01   3.1685962e+01
   2.8520924e+01   3.1479076e+01
   2.8777982e+01   3.1222018e+01
   2.9052384e+01   3.0947616e+01
   2.9323323e+01   3.0676677e+01
